2.000000 0.789248 0.168245 0.049549 0.101300
2.000000 0.707492 0.227704 0.044594 0.088087
2.000000 0.524160 0.203480 0.054504 0.110109
2.000000 0.470895 0.179256 0.042117 0.079279
2.000000 0.423824 0.412687 0.052027 0.096896
2.000000 0.350739 0.166043 0.029729 0.079279
2.000000 0.316054 0.177054 0.044594 0.092492
2.000000 0.265267 0.210087 0.042117 0.079279
2.000000 0.228105 0.245322 0.042117 0.088087
2.000000 0.166168 0.267343 0.056981 0.105705
2.000000 0.112903 0.155032 0.034684 0.074874
0.000000 0.072025 0.155032 0.037162 0.066065
2.000000 0.009380 0.135212 0.018760 0.088087
2.000000 0.576187 0.133010 0.034684 0.074874
2.000000 0.400288 0.177054 0.034684 0.066065
2.000000 0.508057 0.133010 0.037162 0.066065
2.000000 0.041057 0.152830 0.024775 0.052852
