2.000000 0.071752 0.409638 0.101757 0.172204
2.000000 0.340495 0.271352 0.039137 0.073056
2.000000 0.438338 0.300053 0.031310 0.078275
2.000000 0.658812 0.273961 0.039137 0.078275
2.000000 0.721432 0.185250 0.044356 0.099148
2.000000 0.934078 0.276571 0.083493 0.208733
2.000000 0.744914 0.487912 0.044356 0.088711
0.000000 0.863631 0.302662 0.057401 0.093930
0.000000 0.400506 0.232215 0.023482 0.057401
2.000000 0.305271 0.226997 0.020873 0.067838
0.000000 0.213951 0.203514 0.036528 0.093930
2.000000 0.576624 0.187859 0.036528 0.073056
