2.000000 0.231250 0.565543 0.112500 0.172285
2.000000 0.326250 0.818352 0.122500 0.198502
2.000000 0.437500 0.475655 0.065000 0.104869
2.000000 0.360000 0.479401 0.050000 0.067416
2.000000 0.426250 0.348315 0.047500 0.074906
2.000000 0.540000 0.380150 0.045000 0.093633
2.000000 0.502500 0.346442 0.030000 0.048689
2.000000 0.600000 0.501873 0.070000 0.119850
2.000000 0.743750 0.393258 0.067500 0.119850
2.000000 0.895000 0.350187 0.050000 0.093633
2.000000 0.883750 0.601124 0.092500 0.138577
2.000000 0.953750 0.887640 0.092500 0.202247
2.000000 0.808750 0.421348 0.042500 0.071161
