2.000000 0.146596 0.619259 0.117368 0.162963
2.000000 0.254154 0.785418 0.128659 0.124403
2.000000 0.329833 0.510483 0.068232 0.098635
2.000000 0.258617 0.526107 0.051443 0.064730
2.000000 0.309429 0.405228 0.049726 0.070626
2.000000 0.416896 0.413684 0.048893 0.085968
2.000000 0.379640 0.391380 0.031514 0.045766
2.000000 0.481840 0.506368 0.074025 0.112036
2.000000 0.605933 0.391908 0.071718 0.111633
2.000000 0.742106 0.331348 0.053506 0.086773
2.000000 0.751477 0.544142 0.096260 0.131402
2.000000 0.859108 0.760035 0.142249 0.175168
2.000000 0.852885 0.337626 0.042510 0.066270
2.000000 0.910555 0.392321 0.039355 0.064328
2.000000 0.913164 0.606820 0.034137 0.192773
2.000000 0.668122 0.405063 0.044817 0.066672
2.000000 0.909792 0.306896 0.038140 0.043824
