2.000000 0.091384 0.494343 0.046997 0.134610
2.000000 0.297650 0.461851 0.041775 0.106759
2.000000 0.349869 0.524514 0.062663 0.102118
2.000000 0.416449 0.387583 0.044386 0.097476
0.000000 0.467363 0.408471 0.057441 0.111401
2.000000 0.531331 0.526835 0.080940 0.162460
0.000000 0.524804 0.317957 0.046997 0.088193
0.000000 0.608355 0.299391 0.052219 0.106759
0.000000 0.734987 0.359733 0.049608 0.097476
2.000000 0.703655 0.482738 0.049608 0.102118
2.000000 0.778067 0.461851 0.052219 0.125326
2.000000 0.932114 0.375979 0.046997 0.092834
1.000000 0.826370 0.508268 0.070496 0.125326
0.000000 0.984334 0.410792 0.031332 0.106759
0.000000 0.193211 0.378300 0.031332 0.060342
0.000000 0.853785 0.357412 0.031332 0.064984
2.000000 0.972584 0.338845 0.028721 0.055701
