2.000000 0.138878 0.281374 0.057930 0.095746
2.000000 0.213403 0.350596 0.051850 0.083631
2.000000 0.395160 0.375959 0.063600 0.104232
2.000000 0.449566 0.369163 0.048606 0.075758
2.000000 0.473961 0.573203 0.059946 0.092729
2.000000 0.568443 0.387982 0.036477 0.072695
2.000000 0.601380 0.405633 0.052259 0.087261
2.000000 0.648039 0.445417 0.048606 0.075758
2.000000 0.681151 0.483647 0.049424 0.083018
2.000000 0.739748 0.517112 0.065616 0.101214
2.000000 0.802340 0.437712 0.040919 0.070290
0.000000 0.842365 0.447819 0.042526 0.063642
2.000000 0.910171 0.449860 0.035807 0.083018
2.000000 0.350768 0.305012 0.040919 0.070290
2.000000 0.518904 0.384806 0.040100 0.063029
2.000000 0.417477 0.321857 0.042526 0.063642
2.000000 0.872891 0.453661 0.029169 0.049688
