2.000000 0.314306 0.627895 0.114293 0.179399
2.000000 0.186917 0.533303 0.126199 0.185922
2.000000 0.054765 0.433818 0.057147 0.097854
2.000000 0.163106 0.246265 0.064290 0.081545
2.000000 0.065480 0.212016 0.030954 0.065236
2.000000 0.297638 0.347381 0.076195 0.107639
2.000000 0.350023 0.189184 0.042860 0.071759
2.000000 0.415503 0.430557 0.069052 0.104377
2.000000 0.601230 0.435449 0.069052 0.114163
2.000000 0.466697 0.347381 0.057147 0.075021
2.000000 0.711951 0.401200 0.057147 0.071759
2.000000 0.839341 0.502316 0.069052 0.110901
2.000000 0.902440 0.363690 0.052384 0.075021
2.000000 0.722666 0.213647 0.054765 0.068498
2.000000 0.610754 0.163090 0.050003 0.071759
2.000000 0.495270 0.208755 0.028573 0.052189
2.000000 0.444077 0.244634 0.030954 0.058712
2.000000 0.815529 0.166351 0.054765 0.071759
