2.000000 0.330000 0.659247 0.120000 0.188356
2.000000 0.196250 0.559932 0.132500 0.195205
2.000000 0.057500 0.455479 0.060000 0.102740
2.000000 0.171250 0.258562 0.067500 0.085616
2.000000 0.068750 0.222603 0.032500 0.068493
2.000000 0.312500 0.364726 0.080000 0.113014
2.000000 0.367500 0.198630 0.045000 0.075342
2.000000 0.436250 0.452055 0.072500 0.109589
2.000000 0.631250 0.457192 0.072500 0.119863
2.000000 0.490000 0.364726 0.060000 0.078767
2.000000 0.747500 0.421233 0.060000 0.075342
2.000000 0.881250 0.527397 0.072500 0.116438
2.000000 0.947500 0.381849 0.055000 0.078767
2.000000 0.758750 0.224315 0.057500 0.071918
2.000000 0.641250 0.171233 0.052500 0.075342
2.000000 0.520000 0.219178 0.030000 0.054795
2.000000 0.466250 0.256849 0.032500 0.061644
2.000000 0.856250 0.174658 0.057500 0.075342
