0.000000 0.875000 0.304762 0.065000 0.133333
0.000000 0.811250 0.428571 0.062500 0.104762
0.000000 0.806250 0.602381 0.067500 0.138095
0.000000 0.750000 0.276190 0.060000 0.133333
0.000000 0.662500 0.552381 0.075000 0.161905
2.000000 0.552500 0.583333 0.090000 0.195238
0.000000 0.457500 0.309524 0.055000 0.133333
0.000000 0.391250 0.669048 0.082500 0.157143
0.000000 0.377500 0.500000 0.065000 0.133333
2.000000 0.115000 0.645238 0.080000 0.185714
0.000000 0.037500 0.359524 0.055000 0.119048
0.000000 0.305000 0.157143 0.055000 0.104762
0.000000 0.118750 0.207143 0.042500 0.080952
0.000000 0.515000 0.280952 0.055000 0.095238
