2.000000 0.099956 0.313371 0.052924 0.102347
2.000000 0.182027 0.377134 0.047560 0.089103
2.000000 0.369719 0.366334 0.058186 0.111292
2.000000 0.424649 0.346421 0.044827 0.080331
2.000000 0.467285 0.577563 0.055351 0.098221
2.000000 0.547602 0.341942 0.032183 0.079464
2.000000 0.582750 0.355120 0.047662 0.093402
2.000000 0.633824 0.390920 0.044827 0.080331
2.000000 0.670939 0.427915 0.045031 0.088929
2.000000 0.733648 0.453748 0.060612 0.107166
2.000000 0.790621 0.347857 0.037139 0.075512
0.000000 0.832346 0.350721 0.039463 0.067088
2.000000 0.908669 0.336583 0.045031 0.088929
2.000000 0.959519 0.361983 0.041747 0.098048
2.000000 0.318248 0.293906 0.037139 0.075512
2.000000 0.496771 0.349218 0.036934 0.066914
2.000000 0.387790 0.298679 0.039463 0.067088
2.000000 0.864006 0.350741 0.026513 0.053323
