2.000000 0.090916 0.365717 0.051370 0.098424
2.000000 0.172866 0.414810 0.046153 0.085704
2.000000 0.352521 0.377848 0.056473 0.107034
2.000000 0.404270 0.351069 0.043487 0.077289
2.000000 0.456653 0.565248 0.053692 0.094508
2.000000 0.522086 0.329330 0.031305 0.076319
2.000000 0.556482 0.336891 0.046268 0.089815
2.000000 0.607289 0.363744 0.043487 0.077289
2.000000 0.644753 0.393720 0.043717 0.085510
2.000000 0.706236 0.409424 0.058794 0.103117
2.000000 0.755685 0.300432 0.036063 0.072597
0.000000 0.795884 0.297232 0.038269 0.064569
2.000000 0.868456 0.272915 0.043717 0.085510
2.000000 0.923848 0.289104 0.051255 0.094314
2.000000 0.299519 0.316151 0.036063 0.072597
2.000000 0.473647 0.343486 0.035833 0.064375
2.000000 0.366518 0.310817 0.038269 0.064569
2.000000 0.826280 0.292752 0.025743 0.051267
