2.000000 0.046485 0.567610 0.070607 0.164783
2.000000 0.291917 0.414874 0.040915 0.071046
2.000000 0.389903 0.431101 0.033286 0.075025
2.000000 0.608164 0.384418 0.041061 0.075833
2.000000 0.667883 0.296589 0.046827 0.095516
2.000000 0.881649 0.358405 0.088762 0.200067
2.000000 0.699663 0.571769 0.046535 0.085944
0.000000 0.812405 0.389606 0.059639 0.092076
0.000000 0.350430 0.372784 0.024928 0.055072
2.000000 0.255691 0.377825 0.022628 0.064375
0.000000 0.164330 0.365711 0.038906 0.089922
2.000000 0.524123 0.313926 0.038323 0.070777
