2.000000 0.113123 0.432070 0.106810 0.163571
2.000000 0.203318 0.672092 0.116304 0.188462
2.000000 0.308941 0.346728 0.061712 0.099565
2.000000 0.235361 0.350284 0.047471 0.064006
2.000000 0.298260 0.225828 0.045098 0.071118
2.000000 0.406257 0.256053 0.042724 0.088897
2.000000 0.370654 0.224050 0.028483 0.046226
2.000000 0.463222 0.371620 0.066459 0.113788
2.000000 0.599701 0.268499 0.064086 0.113788
2.000000 0.743301 0.227606 0.047471 0.088897
2.000000 0.732620 0.465851 0.087821 0.131568
2.000000 0.825189 0.737876 0.140040 0.192018
2.000000 0.854858 0.256053 0.037977 0.067562
2.000000 0.913010 0.328949 0.045098 0.064006
2.000000 0.920131 0.572527 0.078327 0.202685
2.000000 0.661414 0.295168 0.040350 0.067562
2.000000 0.915384 0.232940 0.035603 0.042671
