0.000000 0.977500 0.404762 0.045000 0.133333
0.000000 0.923750 0.528571 0.062500 0.104762
0.000000 0.918750 0.702381 0.067500 0.138095
0.000000 0.862500 0.376190 0.060000 0.133333
0.000000 0.775000 0.652381 0.075000 0.161905
2.000000 0.665000 0.683333 0.090000 0.195238
0.000000 0.570000 0.409524 0.055000 0.133333
0.000000 0.503750 0.769048 0.082500 0.157143
0.000000 0.490000 0.600000 0.065000 0.133333
2.000000 0.227500 0.745238 0.080000 0.185714
0.000000 0.150000 0.459524 0.055000 0.119048
0.000000 0.417500 0.257143 0.055000 0.104762
0.000000 0.231250 0.307143 0.042500 0.080952
0.000000 0.627500 0.380952 0.055000 0.095238
