0.000000 0.136440 0.332654 0.070949 0.145536
0.000000 0.206025 0.467795 0.068220 0.114350
0.000000 0.211482 0.657512 0.073678 0.150734
0.000000 0.272880 0.301468 0.065491 0.145536
0.000000 0.368389 0.602936 0.081864 0.176723
2.000000 0.488456 0.636721 0.098237 0.213107
0.000000 0.592151 0.337852 0.060034 0.145536
0.000000 0.664464 0.730280 0.090051 0.171525
0.000000 0.679472 0.545761 0.070949 0.145536
2.000000 0.961168 0.704291 0.077664 0.202711
0.000000 0.758608 0.171525 0.060034 0.114350
0.000000 0.961904 0.226101 0.046390 0.088361
0.000000 0.529388 0.306666 0.060034 0.103954
