0.000000 0.039547 0.236987 0.043374 0.076447
2.000000 0.100782 0.290500 0.068889 0.137605
2.000000 0.163292 0.284766 0.030617 0.042046
2.000000 0.311275 0.240809 0.056131 0.099382
2.000000 0.359752 0.277122 0.035720 0.072625
2.000000 0.544730 0.300056 0.038271 0.072625
0.000000 0.595759 0.252276 0.038271 0.076447
2.000000 0.641685 0.324901 0.043374 0.076447
2.000000 0.810079 0.351658 0.053580 0.091737
0.000000 0.409505 0.366947 0.028066 0.038224
2.000000 0.966992 0.236987 0.020411 0.030579
2.000000 0.722055 0.244632 0.025514 0.045868
