2.000000 0.743750 0.957031 0.107500 0.085938
2.000000 0.620000 0.873047 0.070000 0.113281
2.000000 0.510000 0.818359 0.130000 0.230469
2.000000 0.318750 0.691406 0.077500 0.164062
2.000000 0.492500 0.318359 0.045000 0.074219
2.000000 0.413750 0.189453 0.037500 0.058594
2.000000 0.390000 0.324219 0.035000 0.070312
2.000000 0.315000 0.216797 0.030000 0.042969
2.000000 0.221250 0.230469 0.037500 0.062500
2.000000 0.248750 0.451172 0.037500 0.066406
2.000000 0.121250 0.638672 0.102500 0.160156
2.000000 0.057500 0.269531 0.035000 0.054688
0.000000 0.148750 0.277344 0.037500 0.062500
0.000000 0.366250 0.533203 0.047500 0.074219
