2.000000 0.329674 0.656658 0.120589 0.188131
2.000000 0.196730 0.556839 0.133090 0.195044
2.000000 0.058823 0.451873 0.060335 0.102569
2.000000 0.173219 0.257304 0.067735 0.085629
2.000000 0.071146 0.220685 0.032742 0.068313
2.000000 0.313611 0.363992 0.080333 0.112949
2.000000 0.369258 0.199516 0.045243 0.075226
2.000000 0.436637 0.451819 0.072836 0.109482
2.000000 0.631122 0.458644 0.072885 0.119686
2.000000 0.490665 0.365561 0.060222 0.078760
2.000000 0.747250 0.423957 0.060205 0.075359
2.000000 0.880162 0.530579 0.072868 0.116284
2.000000 0.946933 0.386610 0.055234 0.078716
2.000000 0.759403 0.228483 0.057696 0.071935
2.000000 0.642450 0.174724 0.052724 0.075292
2.000000 0.521278 0.221271 0.030184 0.054686
2.000000 0.467485 0.258210 0.032710 0.061510
2.000000 0.856893 0.180025 0.057712 0.075336
