2.000000 0.091961 0.461499 0.046055 0.126062
2.000000 0.287827 0.438597 0.040793 0.100136
2.000000 0.336618 0.498330 0.060539 0.096567
2.000000 0.401259 0.374052 0.043164 0.091644
0.000000 0.449281 0.395122 0.055693 0.104968
2.000000 0.508583 0.506752 0.078539 0.152981
0.000000 0.504740 0.313436 0.045534 0.083153
0.000000 0.584139 0.299163 0.050692 0.100497
0.000000 0.703485 0.359324 0.048113 0.091825
2.000000 0.672408 0.471949 0.048165 0.096116
2.000000 0.743172 0.455214 0.050900 0.117660
2.000000 0.890142 0.381161 0.045586 0.087444
1.000000 0.788433 0.499794 0.068223 0.118293
0.000000 0.955331 0.415736 0.063065 0.100948
0.000000 0.189776 0.357749 0.030374 0.056865
0.000000 0.816110 0.361288 0.030426 0.061156
2.000000 0.928917 0.348234 0.027847 0.052484
