2.000000 0.912500 0.473333 0.045000 0.128889
2.000000 0.715000 0.442222 0.040000 0.102222
2.000000 0.665000 0.502222 0.060000 0.097778
2.000000 0.601250 0.371111 0.042500 0.093333
0.000000 0.552500 0.391111 0.055000 0.106667
2.000000 0.491250 0.504444 0.077500 0.155556
0.000000 0.497500 0.304444 0.045000 0.084444
0.000000 0.417500 0.286667 0.050000 0.102222
0.000000 0.296250 0.344444 0.047500 0.093333
2.000000 0.326250 0.462222 0.047500 0.097778
2.000000 0.255000 0.442222 0.050000 0.120000
2.000000 0.107500 0.360000 0.045000 0.088889
1.000000 0.208750 0.486667 0.067500 0.120000
0.000000 0.041250 0.393333 0.062500 0.102222
0.000000 0.815000 0.362222 0.030000 0.057778
0.000000 0.182500 0.342222 0.030000 0.062222
2.000000 0.068750 0.324444 0.027500 0.053333
