2.000000 0.070815 0.728834 0.102726 0.140469
2.000000 0.185028 0.651675 0.067465 0.098501
2.000000 0.283170 0.624496 0.126576 0.198640
2.000000 0.455838 0.552318 0.077161 0.139274
2.000000 0.330157 0.235987 0.043460 0.064413
2.000000 0.406149 0.146343 0.036009 0.051132
2.000000 0.417979 0.255091 0.034606 0.059942
2.000000 0.489372 0.181716 0.028557 0.037851
2.000000 0.569166 0.205690 0.036258 0.054187
2.000000 0.531410 0.374379 0.036507 0.057241
2.000000 0.629144 0.539064 0.098423 0.139761
2.000000 0.707570 0.259437 0.033608 0.047723
0.000000 0.776483 0.389968 0.036009 0.051132
0.000000 0.628555 0.252617 0.036258 0.054187
0.000000 0.425069 0.421877 0.045611 0.064767
