2.000000 0.019883 0.696787 0.039765 0.174615
2.000000 0.079039 0.926211 0.124157 0.147578
2.000000 0.191794 0.605684 0.065879 0.106287
2.000000 0.113246 0.609480 0.050676 0.068327
2.000000 0.180392 0.476621 0.048142 0.075919
2.000000 0.295680 0.508886 0.045609 0.094899
2.000000 0.257673 0.474723 0.030406 0.049348
2.000000 0.356492 0.632256 0.070947 0.121471
2.000000 0.502186 0.522172 0.068413 0.121471
2.000000 0.655481 0.478519 0.050676 0.094899
2.000000 0.644079 0.732849 0.093751 0.140451
2.000000 0.742898 0.960375 0.149495 0.079251
2.000000 0.774570 0.508886 0.040541 0.072123
2.000000 0.836649 0.586704 0.048142 0.068327
2.000000 0.836221 0.846728 0.067558 0.216370
2.000000 0.568065 0.550642 0.043075 0.072123
2.000000 0.839182 0.484213 0.038007 0.045552
