0.000000 0.037179 0.222794 0.040777 0.071869
2.000000 0.094746 0.273102 0.064763 0.129364
2.000000 0.153512 0.267712 0.028784 0.039528
2.000000 0.292633 0.226388 0.052770 0.093430
2.000000 0.338207 0.260525 0.033581 0.068276
2.000000 0.512108 0.282086 0.035979 0.068276
0.000000 0.560080 0.237168 0.035979 0.071869
2.000000 0.603256 0.305444 0.040777 0.071869
2.000000 0.761565 0.330598 0.050371 0.086243
0.000000 0.384980 0.344972 0.026385 0.035935
2.000000 0.909081 0.222794 0.019189 0.028748
2.000000 0.678812 0.229981 0.023986 0.043121
