2.000000 0.086723 0.271521 0.053502 0.090423
2.000000 0.171141 0.319156 0.043521 0.081457
2.000000 0.297126 0.221079 0.030783 0.059927
2.000000 0.350209 0.287535 0.056260 0.102986
2.000000 0.363080 0.216288 0.035668 0.060282
2.000000 0.403371 0.260925 0.041079 0.081279
2.000000 0.450463 0.476714 0.055945 0.090601
2.000000 0.471610 0.249764 0.030783 0.059927
2.000000 0.522750 0.239844 0.031098 0.072313
2.000000 0.555990 0.247770 0.043626 0.085585
2.000000 0.605579 0.273119 0.038321 0.068717
2.000000 0.645608 0.307436 0.048512 0.085940
2.000000 0.703432 0.319779 0.056050 0.094729
2.000000 0.752105 0.212842 0.040974 0.077151
0.000000 0.794905 0.211801 0.038006 0.056331
2.000000 0.867609 0.183771 0.043626 0.085585
2.000000 0.924370 0.202396 0.043731 0.089714
2.000000 0.826608 0.207430 0.023245 0.051138
