2.000000 0.031451 0.283705 0.030286 0.078692
2.000000 0.106001 0.260926 0.044264 0.082834
2.000000 0.242288 0.579835 0.032616 0.057984
2.000000 0.285388 0.410026 0.034945 0.074550
2.000000 0.326157 0.339618 0.032616 0.057984
2.000000 0.390224 0.383105 0.039605 0.062125
2.000000 0.434488 0.381035 0.030286 0.049700
2.000000 0.532335 0.354114 0.030286 0.062125
2.000000 0.594072 0.366539 0.032616 0.062125
2.000000 0.673282 0.310626 0.032616 0.057984
0.000000 0.206178 0.316839 0.034945 0.070409
0.000000 0.292377 0.329264 0.025627 0.045558
0.000000 0.496225 0.364468 0.027956 0.066267
0.000000 0.368092 0.345830 0.032616 0.062125
