2.000000 0.915000 0.235955 0.045000 0.067416
2.000000 0.811250 0.117978 0.032500 0.048689
2.000000 0.743750 0.284644 0.042500 0.059925
2.000000 0.628750 0.089888 0.032500 0.044944
2.000000 0.585000 0.147940 0.040000 0.063670
2.000000 0.481250 0.357678 0.052500 0.086142
2.000000 0.543750 0.084270 0.037500 0.056180
2.000000 0.480000 0.093633 0.035000 0.052434
2.000000 0.380000 0.267790 0.045000 0.071161
2.000000 0.392500 0.209738 0.035000 0.052434
0.000000 0.577500 0.078652 0.025000 0.029963
0.000000 0.406250 0.102996 0.022500 0.041199
2.000000 0.400000 0.043071 0.025000 0.033708
2.000000 0.333750 0.136704 0.032500 0.041199
0.000000 0.370000 0.026217 0.025000 0.037453
1.000000 0.302500 0.078652 0.025000 0.044944
2.000000 0.250000 0.058052 0.030000 0.048689
2.000000 0.231250 0.061798 0.012500 0.033708
0.000000 0.272500 0.054307 0.020000 0.033708
0.000000 0.117500 0.059925 0.030000 0.037453
2.000000 0.045000 0.101124 0.030000 0.044944
