2.000000 0.080692 0.147398 0.047465 0.077236
2.000000 0.135228 0.199073 0.061334 0.098826
0.000000 0.140576 0.332480 0.058247 0.090677
2.000000 0.053994 0.749350 0.086296 0.137687
2.000000 0.317129 0.145578 0.065002 0.084478
2.000000 0.311093 0.387668 0.064733 0.110805
1.000000 0.186503 0.596541 0.065986 0.126127
2.000000 0.138255 0.666781 0.081062 0.132882
2.000000 0.539810 0.189689 0.073636 0.101263
2.000000 0.538649 0.356840 0.069341 0.107949
2.000000 0.527851 0.703086 0.063481 0.095483
2.000000 0.571561 0.778378 0.082897 0.091596
2.000000 0.710975 0.221650 0.065942 0.095970
2.000000 0.672035 0.453329 0.061960 0.106487
2.000000 0.797095 0.238710 0.077662 0.120903
2.000000 0.877151 0.192287 0.056055 0.063863
2.000000 0.919332 0.349581 0.043689 0.101263
2.000000 0.922176 0.672498 0.038002 0.106216
