2.000000 0.765753 0.152283 0.049695 0.081217
1.000000 0.847072 0.274109 0.040659 0.074449
2.000000 0.583915 0.181047 0.042918 0.064297
2.000000 0.643775 0.267341 0.031624 0.054145
2.000000 0.084707 0.192891 0.038401 0.067681
1.000000 0.108425 0.255497 0.049695 0.084601
1.000000 0.433701 0.181047 0.058730 0.091370
0.000000 0.178450 0.267341 0.049695 0.081217
0.000000 0.021459 0.184431 0.038401 0.057529
0.000000 0.329794 0.225040 0.040659 0.064297
0.000000 0.546644 0.199660 0.031624 0.054145
0.000000 0.658458 0.142131 0.042918 0.060913
0.000000 0.216851 0.211504 0.031624 0.057529
