2.000000 0.744516 0.273765 0.046913 0.059010
2.000000 0.639076 0.296216 0.047301 0.061942
2.000000 0.538791 0.340151 0.057036 0.069843
2.000000 0.832726 0.243146 0.027056 0.040277
2.000000 0.636754 0.243882 0.031923 0.044227
2.000000 0.700425 0.236964 0.021800 0.033395
2.000000 0.559833 0.290059 0.048079 0.067807
2.000000 0.155202 0.404668 0.046913 0.059010
2.000000 0.290493 0.337675 0.044674 0.058501
2.000000 0.383468 0.325608 0.044674 0.058501
0.000000 0.240202 0.367227 0.040287 0.074569
2.000000 0.113693 0.361239 0.030072 0.046651
2.000000 0.837047 0.284454 0.021892 0.050480
