2.000000 0.050801 0.190238 0.053063 0.045159
2.000000 0.296411 0.173760 0.053806 0.071359
2.000000 0.246070 0.274385 0.054467 0.077278
0.000000 0.384893 0.159406 0.046450 0.064124
2.000000 0.326782 0.272145 0.067939 0.100188
2.000000 0.120538 0.715282 0.134883 0.234070
0.000000 0.547306 0.245469 0.037523 0.062371
0.000000 0.517672 0.296659 0.058930 0.078155
2.000000 0.480389 0.432528 0.075295 0.107422
2.000000 0.628063 0.172141 0.058021 0.089555
2.000000 0.758327 0.194952 0.047772 0.075963
2.000000 0.740091 0.429917 0.073973 0.095583
2.000000 0.867220 0.302112 0.058600 0.075195
