2.000000 0.132500 0.613333 0.035000 0.062222
2.000000 0.178750 0.431111 0.037500 0.080000
2.000000 0.222500 0.355556 0.035000 0.062222
2.000000 0.291250 0.402222 0.042500 0.066667
2.000000 0.338750 0.400000 0.032500 0.053333
2.000000 0.443750 0.371111 0.032500 0.066667
2.000000 0.510000 0.384444 0.035000 0.066667
2.000000 0.595000 0.324444 0.035000 0.062222
0.000000 0.093750 0.331111 0.037500 0.075556
0.000000 0.186250 0.344444 0.027500 0.048889
0.000000 0.405000 0.382222 0.030000 0.071111
0.000000 0.267500 0.362222 0.035000 0.066667
