2.000000 0.842297 0.580618 0.162980 0.271158
2.000000 0.692363 0.519876 0.105404 0.162162
0.000000 0.638301 0.355888 0.065594 0.092279
2.000000 0.554436 0.479382 0.086394 0.125890
0.000000 0.484262 0.377876 0.040693 0.095153
2.000000 0.428317 0.444122 0.111654 0.179447
2.000000 0.344559 0.464371 0.089447 0.151728
0.000000 0.294087 0.264483 0.046322 0.071587
2.000000 0.134527 0.362832 0.047729 0.065695
2.000000 0.085188 0.352433 0.056530 0.086778
2.000000 0.251833 0.408721 0.048492 0.072155
2.000000 0.223902 0.494274 0.075159 0.119820
2.000000 0.071510 0.549128 0.070436 0.115455
2.000000 0.491811 0.186115 0.033179 0.049369
0.000000 0.361183 0.245263 0.032153 0.058491
0.000000 0.196375 0.223455 0.032416 0.042910
