2.000000 0.146250 0.292500 0.097500 0.165000
2.000000 0.403750 0.160000 0.037500 0.070000
2.000000 0.497500 0.187500 0.030000 0.075000
2.000000 0.708750 0.162500 0.037500 0.075000
2.000000 0.768750 0.077500 0.042500 0.095000
2.000000 0.966250 0.165000 0.067500 0.200000
2.000000 0.791250 0.367500 0.042500 0.085000
0.000000 0.905000 0.190000 0.055000 0.090000
0.000000 0.461250 0.122500 0.022500 0.055000
2.000000 0.370000 0.117500 0.020000 0.065000
0.000000 0.282500 0.095000 0.035000 0.090000
2.000000 0.630000 0.080000 0.035000 0.070000
