2.000000 0.929982 0.380235 0.031289 0.073347
2.000000 0.815473 0.376462 0.056458 0.078300
2.000000 0.718886 0.383288 0.044917 0.059071
2.000000 0.630244 0.257888 0.065675 0.100752
2.000000 0.570511 0.294888 0.036697 0.050895
2.000000 0.493973 0.293602 0.056458 0.078300
2.000000 0.409193 0.465930 0.051311 0.077608
2.000000 0.367051 0.251317 0.056458 0.078300
2.000000 0.276975 0.295043 0.054134 0.081523
2.000000 0.206247 0.303545 0.037197 0.058033
2.000000 0.162375 0.299446 0.047740 0.062986
2.000000 0.141296 0.247978 0.028478 0.042719
2.000000 0.070864 0.215090 0.056957 0.085438
