2.000000 0.168142 0.200345 0.039428 0.069882
2.000000 0.283963 0.213218 0.049285 0.073560
2.000000 0.375140 0.233447 0.039428 0.055170
2.000000 0.467551 0.117590 0.056678 0.095628
2.000000 0.521764 0.163565 0.032035 0.047814
2.000000 0.594460 0.172760 0.049285 0.073560
2.000000 0.663460 0.360339 0.044357 0.073560
2.000000 0.717674 0.147014 0.049285 0.073560
2.000000 0.800227 0.204023 0.046821 0.077238
2.000000 0.866762 0.222413 0.032035 0.055170
2.000000 0.908655 0.224252 0.041893 0.058848
2.000000 0.932065 0.174599 0.024643 0.040458
2.000000 0.988211 0.150692 0.023578 0.080916
