2.000000 0.021783 0.030204 0.043566 0.060409
2.000000 0.138980 0.209544 0.022304 0.070181
1.000000 0.250502 0.211737 0.027261 0.057022
2.000000 0.285198 0.041170 0.032218 0.082340
2.000000 0.393003 0.053829 0.024783 0.083340
2.000000 0.381851 0.115238 0.027261 0.065795
2.000000 0.531786 0.113045 0.034696 0.070181
2.000000 0.580113 0.121817 0.032218 0.070181
2.000000 0.644548 0.183226 0.017348 0.043863
2.000000 0.691635 0.130590 0.037174 0.070181
2.000000 0.764744 0.156908 0.029739 0.061409
2.000000 0.799440 0.159101 0.024783 0.065795
