2.000000 0.097780 0.739152 0.171356 0.316675
2.000000 0.264128 0.610128 0.103305 0.189146
0.000000 0.304328 0.378371 0.065410 0.105738
2.000000 0.412834 0.513335 0.085586 0.145295
0.000000 0.478613 0.358223 0.035654 0.118135
2.000000 0.549027 0.427141 0.108433 0.210991
2.000000 0.644806 0.427037 0.085832 0.180075
0.000000 0.676623 0.149443 0.045357 0.083570
2.000000 0.866384 0.227463 0.047783 0.074929
2.000000 0.920078 0.198186 0.055430 0.101175
2.000000 0.741308 0.324767 0.047844 0.083624
2.000000 0.782870 0.427847 0.073118 0.140679
2.000000 0.959335 0.451228 0.068113 0.136224
2.000000 0.750851 0.904178 0.135487 0.156862
2.000000 0.446787 0.109690 0.032736 0.057216
0.000000 0.599530 0.145602 0.030341 0.070205
0.000000 0.780464 0.064724 0.032674 0.048521
