0.000000 0.126724 0.870527 0.043038 0.062459
0.000000 0.028692 0.648015 0.038256 0.062459
0.000000 0.144657 0.655823 0.035865 0.062459
0.000000 0.043038 0.550423 0.033474 0.054652
0.000000 0.159003 0.511386 0.040647 0.062459
0.000000 0.056189 0.419648 0.035865 0.058556
0.000000 0.157807 0.421600 0.033474 0.039037
0.000000 0.194868 0.370852 0.031083 0.046844
0.000000 0.063362 0.279115 0.031083 0.050748
0.000000 0.094445 0.232271 0.026301 0.035133
0.000000 0.203237 0.249837 0.033474 0.054652
0.000000 0.114769 0.113207 0.028692 0.046844
0.000000 0.200846 0.128822 0.033474 0.054652
0.000000 0.218778 0.064411 0.031083 0.042941
0.000000 0.378977 0.121015 0.016737 0.039037
2.000000 0.451903 0.107352 0.019128 0.042941
2.000000 0.496137 0.093689 0.021519 0.039037
0.000000 0.435166 0.138582 0.028692 0.042941
0.000000 0.438752 0.193233 0.026301 0.042941
2.000000 0.419624 0.288874 0.026301 0.039037
0.000000 0.454294 0.337671 0.019128 0.042941
0.000000 0.433970 0.386467 0.021519 0.046844
0.000000 0.437557 0.470397 0.028692 0.050748
0.000000 0.414842 0.558230 0.035865 0.054652
0.000000 0.448316 0.630449 0.031083 0.042941
0.000000 0.456685 0.804164 0.033474 0.039037
0.000000 0.472227 0.891997 0.040647 0.066363
0.000000 0.442339 0.876382 0.014346 0.042941
2.000000 0.500919 0.425504 0.031083 0.046844
0.000000 0.530807 0.466493 0.033474 0.058556
0.000000 0.537980 0.376708 0.033474 0.050748
0.000000 0.511678 0.370852 0.023910 0.046844
0.000000 0.503310 0.201041 0.016737 0.035133
0.000000 0.523633 0.222511 0.028692 0.046844
0.000000 0.557108 0.107352 0.023910 0.042941
0.000000 0.564281 0.242030 0.028692 0.046844
0.000000 0.609710 0.232271 0.023910 0.035133
0.000000 0.610906 0.335719 0.031083 0.046844
0.000000 0.590582 0.503578 0.028692 0.039037
0.000000 0.539175 0.644112 0.026301 0.054652
0.000000 0.573845 0.690956 0.033474 0.054652
0.000000 0.615688 0.687052 0.031083 0.054652
0.000000 0.621665 0.527000 0.033474 0.054652
0.000000 0.612101 0.901756 0.028692 0.054652
0.000000 0.591778 0.148341 0.026301 0.039037
0.000000 0.630034 0.121015 0.016737 0.039037
0.000000 0.620470 0.070267 0.021519 0.031230
0.000000 0.685027 0.095641 0.021519 0.035133
0.000000 0.659922 0.126870 0.023910 0.027326
0.000000 0.688614 0.169811 0.028692 0.035133
0.000000 0.676659 0.265452 0.033474 0.039037
0.000000 0.699373 0.243982 0.011955 0.042941
0.000000 0.670681 0.359141 0.031083 0.039037
0.000000 0.699373 0.404034 0.031083 0.050748
0.000000 0.723284 0.411841 0.016737 0.042941
0.000000 0.711329 0.509434 0.031083 0.050748
0.000000 0.704156 0.642160 0.035865 0.042941
0.000000 0.736434 0.770982 0.033474 0.050748
0.000000 0.751976 0.839297 0.021519 0.031230
0.000000 0.767518 0.927130 0.033474 0.050748
0.000000 0.728066 0.099545 0.016737 0.027326
