2.000000 0.139119 0.843976 0.064612 0.084690
2.000000 0.261829 0.829725 0.059892 0.084142
2.000000 0.368676 0.842976 0.057316 0.080874
2.000000 0.535599 0.858625 0.069331 0.073796
2.000000 0.800695 0.712804 0.063748 0.072715
2.000000 0.670965 0.629757 0.059244 0.075160
2.000000 0.835761 0.473260 0.048725 0.059095
2.000000 0.712835 0.484517 0.038853 0.052011
2.000000 0.557810 0.661011 0.056452 0.068899
2.000000 0.428221 0.645873 0.056452 0.068899
2.000000 0.252283 0.614984 0.033286 0.072146
2.000000 0.215913 0.605623 0.057100 0.077880
2.000000 0.151983 0.610029 0.051949 0.071344
2.000000 0.048783 0.597863 0.028350 0.068604
2.000000 0.046034 0.460824 0.040565 0.043304
2.000000 0.149757 0.447269 0.046365 0.058821
2.000000 0.277311 0.467172 0.041429 0.055279
2.000000 0.352284 0.450918 0.046365 0.058821
2.000000 0.475343 0.490966 0.053444 0.059643
2.000000 0.571779 0.491842 0.051084 0.059369
2.000000 0.926775 0.322939 0.028804 0.058547
2.000000 0.790411 0.306451 0.029846 0.056903
2.000000 0.703522 0.305976 0.041861 0.061267
2.000000 0.634979 0.312427 0.045501 0.046846
2.000000 0.525332 0.276859 0.041645 0.058273
2.000000 0.473848 0.288875 0.036926 0.057725
2.000000 0.367209 0.262015 0.036926 0.057725
2.000000 0.291595 0.285891 0.034134 0.051463
2.000000 0.183676 0.274273 0.034134 0.051463
2.000000 0.095075 0.283053 0.041861 0.061267
2.000000 0.031892 0.281334 0.039069 0.055005
2.000000 0.024556 0.196148 0.031342 0.045202
2.000000 0.118200 0.191311 0.024263 0.044379
2.000000 0.205529 0.214376 0.034134 0.051463
2.000000 0.325023 0.205027 0.031990 0.054183
2.000000 0.466063 0.164497 0.029630 0.053909
2.000000 0.551889 0.183208 0.036926 0.057725
2.000000 0.669463 0.196724 0.036926 0.057725
2.000000 0.755372 0.167124 0.041861 0.061267
2.000000 0.863723 0.184729 0.036710 0.054731
2.000000 0.936289 0.192264 0.009775 0.055855
2.000000 0.774957 0.075793 0.031342 0.045202
2.000000 0.704703 0.091499 0.036278 0.048743
2.000000 0.611059 0.096337 0.034350 0.054457
2.000000 0.567062 0.063710 0.026190 0.038666
2.000000 0.490385 0.105823 0.033702 0.045476
2.000000 0.426886 0.116216 0.033270 0.039488
2.000000 0.362307 0.111641 0.033702 0.045476
2.000000 0.278634 0.106264 0.038421 0.046024
2.000000 0.170307 0.138467 0.025974 0.035672
2.000000 0.107116 0.120145 0.026622 0.044653
