2.000000 0.362781 0.440399 0.054006 0.112709
2.000000 0.360433 0.246289 0.072791 0.066790
2.000000 0.608157 0.636595 0.056354 0.146104
2.000000 0.544759 0.500927 0.037570 0.125232
2.000000 0.655119 0.248377 0.023481 0.045918
1.000000 0.250072 0.229592 0.030525 0.050093
0.000000 0.079835 0.225417 0.018785 0.033395
0.000000 0.479012 0.206633 0.023481 0.054267
0.000000 0.709125 0.189935 0.018785 0.054267
0.000000 0.543585 0.375696 0.035221 0.058442
2.000000 0.839445 0.323516 0.025829 0.037570
0.000000 0.879362 0.350649 0.035221 0.066790
0.000000 0.884059 0.465445 0.025829 0.096011
0.000000 0.908714 0.342300 0.028177 0.050093
