2.000000 0.948898 0.298977 0.031916 0.082928
2.000000 0.870335 0.274972 0.046647 0.087293
2.000000 0.726711 0.611048 0.034371 0.061105
2.000000 0.681292 0.432099 0.036827 0.078563
2.000000 0.638327 0.357900 0.034371 0.061105
2.000000 0.570812 0.403728 0.041737 0.065469
2.000000 0.524165 0.401546 0.031916 0.052376
2.000000 0.421051 0.373176 0.031916 0.065469
2.000000 0.355990 0.386270 0.034371 0.065469
2.000000 0.272517 0.327347 0.034371 0.061105
0.000000 0.764765 0.333894 0.036827 0.074199
0.000000 0.673926 0.346988 0.027006 0.048011
0.000000 0.459105 0.384088 0.029461 0.069834
0.000000 0.594135 0.364447 0.034371 0.065469
