2.000000 0.976250 0.250000 0.032500 0.066372
2.000000 0.865000 0.112832 0.060000 0.128319
2.000000 0.738750 0.327434 0.022500 0.070796
1.000000 0.626250 0.329646 0.027500 0.057522
2.000000 0.591250 0.152655 0.032500 0.092920
2.000000 0.482500 0.170354 0.025000 0.084071
2.000000 0.493750 0.232301 0.027500 0.066372
2.000000 0.342500 0.230088 0.035000 0.070796
2.000000 0.293750 0.238938 0.032500 0.070796
2.000000 0.228750 0.300885 0.017500 0.044248
2.000000 0.181250 0.247788 0.037500 0.070796
2.000000 0.107500 0.274336 0.030000 0.061947
2.000000 0.072500 0.276549 0.025000 0.066372
