2.000000 0.030221 0.224110 0.051144 0.073588
2.000000 0.082528 0.259231 0.030221 0.050174
2.000000 0.225498 0.212402 0.032546 0.056864
2.000000 0.285941 0.214075 0.046494 0.080278
2.000000 0.321974 0.224110 0.025572 0.046829
2.000000 0.368468 0.259231 0.034871 0.050174
2.000000 0.435885 0.257559 0.034871 0.046829
2.000000 0.528874 0.294353 0.048819 0.066898
2.000000 0.574206 0.204040 0.041845 0.060209
2.000000 0.666032 0.222437 0.030221 0.050174
2.000000 0.700903 0.219092 0.039520 0.063553
2.000000 0.772969 0.306060 0.044170 0.063553
2.000000 0.842711 0.250869 0.039520 0.073588
2.000000 0.395202 0.244179 0.018598 0.033449
