2.000000 0.797500 0.292279 0.045000 0.062500
2.000000 0.680000 0.290441 0.045000 0.066176
2.000000 0.565000 0.316176 0.055000 0.073529
2.000000 0.897500 0.279412 0.025000 0.044118
2.000000 0.685000 0.226103 0.030000 0.047794
2.000000 0.755000 0.235294 0.020000 0.036765
2.000000 0.595000 0.261029 0.045000 0.073529
2.000000 0.140000 0.288603 0.045000 0.062500
2.000000 0.296250 0.244485 0.042500 0.062500
2.000000 0.398750 0.255515 0.042500 0.062500
0.000000 0.237500 0.266544 0.035000 0.084559
2.000000 0.101250 0.224265 0.027500 0.051471
2.000000 0.896250 0.330882 0.017500 0.058824
