2.000000 0.346933 0.776904 0.111914 0.206881
2.000000 0.528482 0.134253 0.042279 0.092436
0.000000 0.732414 0.125449 0.062174 0.101240
2.000000 0.630448 0.378548 0.052226 0.105641
0.000000 0.282271 0.066026 0.017409 0.035214
0.000000 0.334498 0.079231 0.017409 0.035214
0.000000 0.422785 0.050620 0.019896 0.030812
2.000000 0.814484 0.187073 0.027357 0.039615
2.000000 0.680187 0.066026 0.022383 0.044017
0.000000 0.588169 0.048419 0.017409 0.044017
0.000000 0.615526 0.017607 0.012435 0.026410
2.000000 0.371802 0.116646 0.022383 0.048419
2.000000 0.369315 0.182671 0.037305 0.101240
