1.000000 0.887500 0.561947 0.140000 0.256637
2.000000 0.573750 0.750000 0.117500 0.252212
2.000000 0.468750 0.873894 0.072500 0.190265
2.000000 0.342500 0.898230 0.125000 0.203540
2.000000 0.190000 0.838496 0.090000 0.199115
2.000000 0.351250 0.486726 0.062500 0.141593
2.000000 0.285000 0.444690 0.065000 0.119469
2.000000 0.495000 0.384956 0.045000 0.106195
2.000000 0.447500 0.323009 0.050000 0.097345
2.000000 0.530000 0.455752 0.065000 0.097345
2.000000 0.407500 0.201327 0.040000 0.066372
2.000000 0.323750 0.174779 0.037500 0.057522
2.000000 0.471250 0.185841 0.037500 0.061947
