2.000000 0.911864 0.784598 0.062604 0.086712
2.000000 0.782189 0.783904 0.057617 0.086685
2.000000 0.671132 0.811549 0.055113 0.083349
2.000000 0.497681 0.855472 0.067592 0.086738
2.000000 0.208808 0.721035 0.062564 0.073423
2.000000 0.050249 0.788294 0.055013 0.050127
2.000000 0.338808 0.613756 0.057586 0.076718
2.000000 0.154726 0.461608 0.047561 0.060054
2.000000 0.024866 0.522375 0.032609 0.063296
2.000000 0.284411 0.458979 0.037566 0.053356
2.000000 0.459694 0.634337 0.055073 0.070060
2.000000 0.594457 0.601835 0.055073 0.070060
2.000000 0.776671 0.546331 0.030155 0.076571
2.000000 0.814122 0.531581 0.055103 0.080027
2.000000 0.881463 0.528619 0.050095 0.073356
2.000000 0.986851 0.502608 0.021311 0.073209
2.000000 0.979620 0.351407 0.035773 0.043389
2.000000 0.872029 0.349165 0.045068 0.060040
2.000000 0.739745 0.386664 0.040070 0.056691
2.000000 0.659970 0.377931 0.045068 0.060040
2.000000 0.533856 0.437058 0.052549 0.060080
2.000000 0.432819 0.449806 0.050055 0.060067
2.000000 0.040475 0.308171 0.042574 0.060027
2.000000 0.190210 0.272427 0.027611 0.059947
2.000000 0.281266 0.261286 0.040090 0.063336
2.000000 0.353590 0.260012 0.045028 0.046751
2.000000 0.465969 0.207457 0.040080 0.060014
2.000000 0.520811 0.214395 0.035093 0.059987
2.000000 0.630666 0.171793 0.035093 0.059987
2.000000 0.711663 0.188838 0.032579 0.053329
2.000000 0.823962 0.162860 0.032579 0.053329
2.000000 0.917482 0.161699 0.040090 0.063336
2.000000 0.981157 0.152080 0.032698 0.056665
2.000000 0.983801 0.057409 0.027410 0.046671
2.000000 0.886606 0.063527 0.022584 0.046631
2.000000 0.796721 0.099591 0.032579 0.053329
2.000000 0.670772 0.103901 0.030095 0.056638
2.000000 0.519980 0.076515 0.027601 0.056625
2.000000 0.431357 0.107603 0.035093 0.059987
2.000000 0.309073 0.136849 0.035093 0.059987
2.000000 0.216870 0.114761 0.040090 0.063336
2.000000 0.104551 0.147383 0.035083 0.056665
2.000000 0.019709 0.165202 0.025118 0.059934
2.000000 0.189724 0.019972 0.030045 0.039944
2.000000 0.264521 0.025314 0.035063 0.050020
2.000000 0.363029 0.024180 0.032559 0.046685
2.000000 0.490225 0.019877 0.032529 0.036718
2.000000 0.557556 0.020238 0.032529 0.036718
2.000000 0.624903 0.015615 0.032499 0.026751
2.000000 0.828143 0.016702 0.025018 0.026711
