0.000000 0.147114 0.421298 0.065965 0.103575
0.000000 0.156438 0.291678 0.058126 0.082414
2.000000 0.228962 0.278191 0.050491 0.069510
0.000000 0.284939 0.340049 0.048253 0.077595
2.000000 0.317262 0.269956 0.045912 0.081551
0.000000 0.249224 0.201042 0.053547 0.094455
2.000000 0.135547 0.592118 0.052228 0.139697
0.000000 0.197733 0.650278 0.076656 0.141423
0.000000 0.263580 0.758327 0.076860 0.149680
2.000000 0.365614 0.837915 0.099561 0.180134
2.000000 0.375057 0.505647 0.066476 0.124218
2.000000 0.377666 0.350737 0.063114 0.086888
0.000000 0.379155 0.191612 0.038175 0.064519
2.000000 0.471728 0.208493 0.043776 0.093764
2.000000 0.452130 0.258806 0.031255 0.080515
2.000000 0.518193 0.209709 0.043469 0.081378
0.000000 0.579218 0.166459 0.040924 0.077077
0.000000 0.625168 0.237947 0.063625 0.107531
2.000000 0.466924 0.452168 0.056194 0.102885
2.000000 0.455561 0.614731 0.065863 0.099446
2.000000 0.562037 0.514723 0.064033 0.124046
0.000000 0.477176 0.779624 0.043980 0.102022
0.000000 0.427451 0.811265 0.045103 0.147436
2.000000 0.605469 0.870140 0.091722 0.127489
2.000000 0.640256 0.567813 0.071260 0.120435
2.000000 0.692454 0.782429 0.054773 0.143998
2.000000 0.677979 0.427792 0.051002 0.090154
2.000000 0.752171 0.544702 0.058739 0.107186
0.000000 0.684567 0.161496 0.050900 0.086025
0.000000 0.679367 0.272796 0.040516 0.060563
0.000000 0.730317 0.191611 0.045708 0.073294
2.000000 0.821469 0.167034 0.036038 0.076732
0.000000 0.762117 0.291051 0.045810 0.077422
2.000000 0.832024 0.531733 0.070238 0.079149
0.000000 0.877910 0.754176 0.081031 0.121125
