2.000000 0.061471 0.642151 0.109282 0.276875
0.000000 0.387042 0.060045 0.036427 0.060045
2.000000 0.293696 0.055042 0.054641 0.063381
2.000000 0.050088 0.021683 0.050088 0.036694
2.000000 0.235640 0.160121 0.047811 0.073389
2.000000 0.316464 0.170128 0.063748 0.093404
0.000000 0.537305 0.191811 0.036427 0.063381
0.000000 0.503154 0.241849 0.054641 0.076725
2.000000 0.627236 0.133434 0.052364 0.086732
2.000000 0.753593 0.180136 0.040981 0.073389
2.000000 0.709197 0.438664 0.075132 0.096740
2.000000 0.850354 0.325245 0.056918 0.076725
2.000000 0.453067 0.381955 0.063748 0.103411
