2.000000 0.116255 0.608624 0.082096 0.178098
2.000000 0.072657 0.300784 0.066700 0.144409
2.000000 0.139829 0.153859 0.059246 0.148827
2.000000 0.233072 0.532937 0.066971 0.168033
2.000000 0.171839 0.433810 0.056580 0.134550
2.000000 0.341614 0.608855 0.062291 0.196178
2.000000 0.285282 0.921832 0.096336 0.081570
2.000000 0.440047 0.883067 0.112167 0.159100
2.000000 0.426579 0.376115 0.072031 0.172963
2.000000 0.346440 0.265944 0.064197 0.144307
2.000000 0.551935 0.389893 0.061694 0.144204
2.000000 0.590253 0.783036 0.084382 0.159301
2.000000 0.638084 0.587268 0.064577 0.177381
2.000000 0.611405 0.335461 0.066917 0.163308
2.000000 0.666744 0.139386 0.056580 0.134550
0.000000 0.539974 0.111484 0.048638 0.096443
2.000000 0.773865 0.418627 0.059191 0.144102
2.000000 0.818090 0.672080 0.092379 0.202132
2.000000 0.869072 0.641631 0.059300 0.153551
2.000000 0.963649 0.448565 0.052899 0.181850
2.000000 0.931628 0.201816 0.064251 0.149031
2.000000 0.947520 0.059353 0.053589 0.091923
2.000000 0.855832 0.360911 0.069148 0.139787
2.000000 0.975993 0.863202 0.028211 0.198449
