2.000000 0.098932 0.298379 0.057958 0.089245
1.000000 0.248758 0.359369 0.047838 0.070710
2.000000 0.351152 0.274773 0.052972 0.085450
2.000000 0.367939 0.678632 0.103770 0.192722
2.000000 0.411399 0.477316 0.085654 0.130182
2.000000 0.537706 0.267487 0.030410 0.059254
2.000000 0.616837 0.443207 0.090886 0.152221
1.000000 0.676614 0.222294 0.035495 0.070346
2.000000 0.697530 0.319644 0.045419 0.074286
2.000000 0.770931 0.462343 0.058008 0.092894
2.000000 0.794126 0.298760 0.050405 0.078080
2.000000 0.888419 0.540633 0.118189 0.163966
2.000000 0.929577 0.235214 0.037816 0.059472
2.000000 0.873983 0.237228 0.040383 0.066843
2.000000 0.034395 0.597635 0.055834 0.114714
