2.000000 0.941250 0.572500 0.097500 0.165000
2.000000 0.683750 0.440000 0.037500 0.070000
2.000000 0.590000 0.467500 0.030000 0.075000
2.000000 0.378750 0.442500 0.037500 0.075000
2.000000 0.318750 0.357500 0.042500 0.095000
2.000000 0.115000 0.445000 0.080000 0.200000
2.000000 0.296250 0.647500 0.042500 0.085000
0.000000 0.182500 0.470000 0.055000 0.090000
0.000000 0.626250 0.402500 0.022500 0.055000
2.000000 0.717500 0.397500 0.020000 0.065000
0.000000 0.805000 0.375000 0.035000 0.090000
2.000000 0.457500 0.360000 0.035000 0.070000
