2.000000 0.152500 0.168539 0.055000 0.089888
1.000000 0.062500 0.303371 0.045000 0.082397
2.000000 0.353750 0.200375 0.047500 0.071161
2.000000 0.287500 0.295880 0.035000 0.059925
2.000000 0.906250 0.213483 0.042500 0.074906
1.000000 0.880000 0.282772 0.055000 0.093633
1.000000 0.520000 0.200375 0.065000 0.101124
0.000000 0.802500 0.295880 0.055000 0.089888
0.000000 0.976250 0.204120 0.042500 0.063670
0.000000 0.635000 0.249064 0.045000 0.071161
0.000000 0.395000 0.220974 0.035000 0.059925
0.000000 0.271250 0.157303 0.047500 0.067416
0.000000 0.760000 0.234082 0.035000 0.063670
