2.000000 0.875202 0.213441 0.050148 0.088758
2.000000 0.794010 0.268386 0.040596 0.080304
2.000000 0.668640 0.177515 0.028656 0.059172
2.000000 0.618492 0.249366 0.052536 0.101437
2.000000 0.604164 0.177515 0.033432 0.059172
2.000000 0.565956 0.226120 0.038208 0.080304
2.000000 0.525360 0.450128 0.052536 0.088758
2.000000 0.499092 0.219781 0.028656 0.059172
2.000000 0.448944 0.213441 0.028656 0.071851
2.000000 0.416706 0.224007 0.040596 0.084531
2.000000 0.368946 0.253593 0.035820 0.067625
2.000000 0.330738 0.291632 0.045372 0.084531
2.000000 0.274620 0.308538 0.052536 0.092984
2.000000 0.224472 0.202874 0.038208 0.076078
0.000000 0.182682 0.204988 0.035820 0.054945
2.000000 0.111042 0.181742 0.040596 0.084531
2.000000 0.056118 0.204988 0.040596 0.088758
2.000000 0.151638 0.202874 0.021492 0.050719
