2.000000 0.214467 0.664937 0.106246 0.148610
0.000000 0.188208 0.482776 0.082122 0.112655
0.000000 0.552715 0.571787 0.082122 0.112655
2.000000 0.471273 0.680408 0.108051 0.142499
2.000000 0.069306 0.483176 0.063298 0.083968
2.000000 0.793643 0.673615 0.089670 0.145910
2.000000 0.906656 0.585204 0.055846 0.086446
2.000000 0.722425 0.622486 0.050214 0.094648
2.000000 0.644666 0.563704 0.055631 0.076315
2.000000 0.609871 0.521801 0.062616 0.103073
2.000000 0.490569 0.499077 0.063860 0.090465
2.000000 0.443209 0.491364 0.043229 0.067890
2.000000 0.407614 0.403213 0.032633 0.053354
2.000000 0.302542 0.354806 0.044191 0.052033
0.000000 0.698529 0.537887 0.043510 0.071138
2.000000 0.872700 0.495429 0.037369 0.054125
2.000000 0.635361 0.435363 0.047684 0.065413
0.000000 0.545481 0.377901 0.034720 0.050491
2.000000 0.505728 0.351661 0.017019 0.034798
2.000000 0.386567 0.327313 0.019106 0.031935
2.000000 0.590754 0.381980 0.024123 0.035955
2.000000 0.755772 0.375913 0.021193 0.029072
2.000000 0.340629 0.372538 0.036806 0.047628
2.000000 0.438235 0.437847 0.032633 0.053354
2.000000 0.128176 0.288525 0.024404 0.039203
2.000000 0.086255 0.273463 0.024685 0.042451
2.000000 0.251149 0.338200 0.019106 0.031935
2.000000 0.106664 0.273492 0.021755 0.035569
