0.000000 0.932500 0.395238 0.065000 0.133333
0.000000 0.868750 0.519048 0.062500 0.104762
0.000000 0.863750 0.692857 0.067500 0.138095
0.000000 0.807500 0.366667 0.060000 0.133333
0.000000 0.720000 0.642857 0.075000 0.161905
2.000000 0.610000 0.673810 0.090000 0.195238
0.000000 0.515000 0.400000 0.055000 0.133333
0.000000 0.448750 0.759524 0.082500 0.157143
0.000000 0.435000 0.590476 0.065000 0.133333
2.000000 0.172500 0.735714 0.080000 0.185714
0.000000 0.095000 0.450000 0.055000 0.119048
0.000000 0.362500 0.247619 0.055000 0.104762
0.000000 0.176250 0.297619 0.042500 0.080952
0.000000 0.572500 0.371429 0.055000 0.095238
