0.000000 0.121738 0.836272 0.041345 0.060002
0.000000 0.027563 0.622516 0.036751 0.060002
0.000000 0.138965 0.630016 0.034454 0.060002
0.000000 0.041345 0.528764 0.032157 0.052501
0.000000 0.152746 0.491263 0.039048 0.060002
0.000000 0.053978 0.403135 0.034454 0.056251
0.000000 0.151598 0.405011 0.032157 0.037501
0.000000 0.187200 0.356259 0.029860 0.045001
0.000000 0.060869 0.268132 0.029860 0.048751
0.000000 0.090729 0.223131 0.025266 0.033751
0.000000 0.195239 0.240006 0.032157 0.052501
0.000000 0.110253 0.108753 0.027563 0.045001
0.000000 0.192943 0.123753 0.032157 0.052501
0.000000 0.210170 0.061877 0.029860 0.041251
0.000000 0.364064 0.116253 0.016079 0.037501
2.000000 0.434121 0.103128 0.018375 0.041251
2.000000 0.476614 0.090002 0.020672 0.037501
0.000000 0.418042 0.133128 0.027563 0.041251
0.000000 0.421488 0.185630 0.025266 0.041251
2.000000 0.403112 0.277507 0.025266 0.037501
0.000000 0.436418 0.324383 0.018375 0.041251
0.000000 0.416894 0.371260 0.020672 0.045001
0.000000 0.420339 0.451887 0.027563 0.048751
0.000000 0.398518 0.536264 0.034454 0.052501
0.000000 0.430675 0.605641 0.029860 0.041251
0.000000 0.438715 0.772520 0.032157 0.037501
0.000000 0.453645 0.856897 0.039048 0.063752
0.000000 0.424933 0.841897 0.013782 0.041251
2.000000 0.481208 0.408761 0.029860 0.045001
0.000000 0.509920 0.448137 0.032157 0.056251
0.000000 0.516810 0.361884 0.032157 0.048751
0.000000 0.491544 0.356259 0.022969 0.045001
0.000000 0.483505 0.193130 0.016079 0.033751
0.000000 0.503029 0.213756 0.027563 0.045001
0.000000 0.535186 0.103128 0.022969 0.041251
0.000000 0.542077 0.232506 0.027563 0.045001
0.000000 0.585718 0.223131 0.022969 0.033751
0.000000 0.586867 0.322508 0.029860 0.045001
0.000000 0.567343 0.483763 0.027563 0.037501
0.000000 0.517959 0.618766 0.025266 0.052501
0.000000 0.551264 0.663767 0.032157 0.052501
0.000000 0.591461 0.660017 0.029860 0.052501
0.000000 0.597203 0.506263 0.032157 0.052501
0.000000 0.588015 0.866273 0.027563 0.052501
0.000000 0.568491 0.142504 0.025266 0.037501
0.000000 0.605242 0.116253 0.016079 0.037501
0.000000 0.596055 0.067502 0.020672 0.030001
0.000000 0.658072 0.091877 0.020672 0.033751
0.000000 0.633954 0.121878 0.022969 0.026251
0.000000 0.661517 0.163129 0.027563 0.033751
0.000000 0.650033 0.255007 0.032157 0.037501
0.000000 0.671853 0.234381 0.011485 0.041251
0.000000 0.644290 0.345009 0.029860 0.037501
0.000000 0.671853 0.388135 0.029860 0.048751
0.000000 0.694823 0.395635 0.016079 0.041251
0.000000 0.683338 0.489388 0.029860 0.048751
0.000000 0.676447 0.616891 0.034454 0.041251
0.000000 0.707456 0.740644 0.032157 0.048751
0.000000 0.722386 0.806271 0.020672 0.030001
0.000000 0.737316 0.890648 0.032157 0.048751
0.000000 0.699417 0.095627 0.016079 0.026251
