2.000000 0.825925 0.578246 0.065699 0.080849
2.000000 0.705086 0.529033 0.053967 0.087879
2.000000 0.578382 0.775095 0.068045 0.094910
2.000000 0.644081 0.507942 0.044581 0.066788
2.000000 0.601846 0.393699 0.039888 0.063273
1.000000 0.685142 0.346244 0.032849 0.052728
2.000000 0.786036 0.414790 0.032849 0.063273
2.000000 0.796595 0.340972 0.021117 0.042182
2.000000 0.740282 0.302305 0.021117 0.035152
2.000000 0.495086 0.446427 0.061006 0.084364
2.000000 0.438773 0.370851 0.037542 0.066788
2.000000 0.217040 0.437639 0.077430 0.101940
2.000000 0.062179 0.500912 0.035196 0.080849
2.000000 0.350783 0.337457 0.021117 0.063273
2.000000 0.412962 0.246062 0.032849 0.056243
2.000000 0.502125 0.217941 0.028157 0.042182
2.000000 0.644081 0.244304 0.021117 0.045697
2.000000 0.849389 0.319881 0.018771 0.056243
2.000000 0.868160 0.267153 0.018771 0.042182
2.000000 0.795422 0.235517 0.028157 0.049212
2.000000 0.725031 0.202122 0.018771 0.031637
