2.000000 0.071073 0.742454 0.126352 0.320123
0.000000 0.447497 0.069424 0.042117 0.069424
2.000000 0.339572 0.063639 0.063176 0.073281
2.000000 0.057911 0.025070 0.057911 0.042426
2.000000 0.272447 0.185131 0.055279 0.084852
2.000000 0.365895 0.196702 0.073705 0.107993
0.000000 0.621232 0.221772 0.042117 0.073281
0.000000 0.581747 0.279626 0.063176 0.088709
2.000000 0.725209 0.154276 0.060544 0.100280
2.000000 0.871304 0.208273 0.047382 0.084852
2.000000 0.819973 0.507183 0.086867 0.111850
2.000000 0.975137 0.376048 0.049726 0.088709
2.000000 0.523835 0.441616 0.073705 0.119564
