2.000000 0.035814 0.578638 0.033686 0.063496
2.000000 0.079905 0.554885 0.059040 0.110146
2.000000 0.123681 0.527187 0.033427 0.063462
2.000000 0.216770 0.666354 0.060842 0.098574
2.000000 0.020297 0.475068 0.011172 0.032968
2.000000 0.035659 0.471048 0.017799 0.029906
2.000000 0.183380 0.459524 0.025613 0.046684
2.000000 0.206518 0.472413 0.017799 0.029906
2.000000 0.223071 0.522041 0.027600 0.039073
2.000000 0.241394 0.431940 0.015442 0.029595
2.000000 0.322966 0.476973 0.027600 0.039073
2.000000 0.309778 0.626181 0.030328 0.047306
2.000000 0.373284 0.462362 0.021268 0.053984
2.000000 0.413574 0.486937 0.033241 0.059501
2.000000 0.406693 0.593463 0.045450 0.120163
2.000000 0.340203 0.389008 0.017985 0.033867
2.000000 0.300309 0.398259 0.022700 0.034489
2.000000 0.512778 0.477830 0.042672 0.060745
2.000000 0.448703 0.426502 0.022700 0.034489
2.000000 0.541501 0.356465 0.015442 0.029595
2.000000 0.528139 0.324350 0.015257 0.025634
2.000000 0.648860 0.623281 0.132595 0.230081
2.000000 0.809854 0.362899 0.041425 0.084201
2.000000 0.728727 0.403497 0.025613 0.046684
