2.000000 0.981250 0.520000 0.022500 0.044444
2.000000 0.922500 0.808889 0.020000 0.035556
2.000000 0.925000 0.497778 0.025000 0.044444
2.000000 0.860000 0.506667 0.025000 0.053333
0.000000 0.880000 0.633333 0.025000 0.048889
0.000000 0.832500 0.715556 0.020000 0.044444
2.000000 0.865000 0.377778 0.025000 0.044444
2.000000 0.813750 0.386667 0.012500 0.044444
0.000000 0.851250 0.273333 0.022500 0.040000
2.000000 0.906250 0.157778 0.017500 0.040000
2.000000 0.725000 0.691111 0.030000 0.057778
2.000000 0.658750 0.900000 0.032500 0.057778
2.000000 0.695000 0.626667 0.025000 0.053333
0.000000 0.700000 0.486667 0.020000 0.040000
2.000000 0.722500 0.417778 0.020000 0.044444
2.000000 0.625000 0.493333 0.020000 0.044444
2.000000 0.605000 0.702222 0.030000 0.053333
2.000000 0.568750 0.817778 0.027500 0.062222
2.000000 0.600000 0.804444 0.030000 0.062222
2.000000 0.516250 0.920000 0.017500 0.044444
2.000000 0.506250 0.660000 0.027500 0.057778
2.000000 0.523750 0.608889 0.032500 0.035556
2.000000 0.546250 0.457778 0.027500 0.044444
2.000000 0.638750 0.377778 0.027500 0.044444
2.000000 0.766250 0.264444 0.022500 0.031111
0.000000 0.777500 0.224444 0.020000 0.040000
0.000000 0.720000 0.275556 0.025000 0.044444
0.000000 0.685000 0.248889 0.020000 0.035556
2.000000 0.616250 0.277778 0.022500 0.040000
2.000000 0.637500 0.211111 0.025000 0.040000
2.000000 0.721250 0.084444 0.017500 0.035556
2.000000 0.685000 0.053333 0.015000 0.035556
2.000000 0.658750 0.168889 0.017500 0.035556
2.000000 0.582500 0.162222 0.020000 0.031111
2.000000 0.743750 0.208889 0.017500 0.035556
2.000000 0.560000 0.380000 0.025000 0.040000
2.000000 0.523750 0.322222 0.022500 0.048889
2.000000 0.491250 0.368889 0.022500 0.044444
2.000000 0.480000 0.486667 0.020000 0.040000
2.000000 0.366250 0.882222 0.032500 0.057778
2.000000 0.322500 0.971111 0.035000 0.057778
2.000000 0.375000 0.575556 0.025000 0.040000
2.000000 0.367500 0.408889 0.025000 0.035556
2.000000 0.436250 0.386667 0.022500 0.044444
2.000000 0.417500 0.351111 0.020000 0.035556
2.000000 0.411250 0.284444 0.017500 0.035556
2.000000 0.467500 0.208889 0.020000 0.035556
2.000000 0.667500 0.020000 0.015000 0.031111
0.000000 0.578750 0.051111 0.012500 0.031111
2.000000 0.547500 0.035556 0.020000 0.035556
2.000000 0.478750 0.080000 0.017500 0.035556
2.000000 0.435000 0.033333 0.015000 0.031111
2.000000 0.346250 0.142222 0.017500 0.035556
0.000000 0.323750 0.115556 0.017500 0.026667
2.000000 0.335000 0.286667 0.020000 0.031111
2.000000 0.297500 0.397778 0.020000 0.040000
2.000000 0.267500 0.617778 0.030000 0.053333
2.000000 0.271250 0.448889 0.022500 0.044444
2.000000 0.247500 0.497778 0.025000 0.044444
2.000000 0.233750 0.422222 0.022500 0.044444
2.000000 0.238750 0.591111 0.022500 0.044444
2.000000 0.290000 0.077778 0.015000 0.031111
2.000000 0.328750 0.020000 0.017500 0.031111
2.000000 0.263750 0.020000 0.012500 0.031111
2.000000 0.228750 0.037778 0.012500 0.031111
0.000000 0.227500 0.082222 0.015000 0.031111
0.000000 0.255000 0.162222 0.015000 0.031111
2.000000 0.187500 0.211111 0.020000 0.040000
2.000000 0.133750 0.117778 0.017500 0.031111
0.000000 0.122500 0.017778 0.015000 0.026667
2.000000 0.088750 0.113333 0.017500 0.031111
2.000000 0.102500 0.186667 0.020000 0.035556
2.000000 0.108750 0.264444 0.022500 0.040000
2.000000 0.141250 0.295556 0.017500 0.040000
2.000000 0.087500 0.313333 0.020000 0.040000
2.000000 0.046250 0.253333 0.012500 0.026667
2.000000 0.075000 0.382222 0.025000 0.044444
2.000000 0.042500 0.460000 0.025000 0.040000
2.000000 0.030000 0.311111 0.020000 0.044444
2.000000 0.140000 0.080000 0.015000 0.026667
2.000000 0.010000 0.680000 0.020000 0.053333
2.000000 0.011250 0.588889 0.022500 0.048889
2.000000 0.058750 0.515556 0.022500 0.035556
