2.000000 0.140433 0.227740 0.043210 0.076585
2.000000 0.267363 0.241848 0.054013 0.080616
2.000000 0.367286 0.264017 0.043210 0.060462
2.000000 0.468560 0.137047 0.062115 0.104801
2.000000 0.527974 0.187432 0.035108 0.052400
2.000000 0.607642 0.197509 0.054013 0.080616
2.000000 0.683260 0.403079 0.048611 0.080616
2.000000 0.742674 0.169293 0.054013 0.080616
2.000000 0.833145 0.231771 0.051312 0.084647
2.000000 0.906062 0.251925 0.035108 0.060462
2.000000 0.951973 0.253940 0.045911 0.064493
2.000000 0.977629 0.199524 0.027006 0.044339
