2.000000 0.098843 0.302850 0.051309 0.098560
2.000000 0.178010 0.364537 0.046103 0.085814
2.000000 0.359353 0.355184 0.056408 0.107177
2.000000 0.412458 0.336358 0.043447 0.077377
2.000000 0.453209 0.558586 0.053645 0.094612
2.000000 0.531247 0.332725 0.031234 0.076475
2.000000 0.565177 0.345572 0.046210 0.089942
2.000000 0.614451 0.380233 0.043447 0.077377
2.000000 0.650236 0.415966 0.043660 0.085633
2.000000 0.710769 0.441119 0.058743 0.103229
2.000000 0.766009 0.339727 0.036012 0.072707
0.000000 0.806312 0.342704 0.038241 0.064631
2.000000 0.880072 0.329541 0.043660 0.085633
2.000000 0.934498 0.354242 0.051202 0.094431
2.000000 0.309766 0.285342 0.036012 0.072707
2.000000 0.482127 0.339437 0.035799 0.064451
2.000000 0.376939 0.290305 0.038241 0.064631
2.000000 0.836899 0.342896 0.025708 0.051344
