2.000000 0.177500 0.313333 0.040000 0.102222
2.000000 0.227500 0.373333 0.060000 0.097778
2.000000 0.291250 0.242222 0.042500 0.093333
0.000000 0.340000 0.262222 0.055000 0.106667
2.000000 0.401250 0.375556 0.077500 0.155556
0.000000 0.395000 0.175556 0.045000 0.084444
0.000000 0.475000 0.157778 0.050000 0.102222
0.000000 0.596250 0.215556 0.047500 0.093333
2.000000 0.566250 0.333333 0.047500 0.097778
2.000000 0.637500 0.313333 0.050000 0.120000
2.000000 0.785000 0.231111 0.045000 0.088889
1.000000 0.683750 0.357778 0.067500 0.120000
0.000000 0.851250 0.264444 0.062500 0.102222
0.000000 0.077500 0.233333 0.030000 0.057778
0.000000 0.710000 0.213333 0.030000 0.062222
2.000000 0.823750 0.195556 0.027500 0.053333
