2.000000 0.980000 0.550971 0.040000 0.179612
2.000000 0.971250 0.084951 0.057500 0.150485
2.000000 0.882500 0.478155 0.065000 0.169903
2.000000 0.942500 0.373786 0.055000 0.135922
2.000000 0.775000 0.560680 0.060000 0.199029
2.000000 0.835000 0.900485 0.095000 0.121359
2.000000 0.680000 0.864078 0.110000 0.194175
2.000000 0.687500 0.325243 0.070000 0.174757
2.000000 0.766250 0.208738 0.062500 0.145631
2.000000 0.562500 0.344660 0.060000 0.145631
2.000000 0.528750 0.750000 0.082500 0.160194
2.000000 0.478750 0.550971 0.062500 0.179612
2.000000 0.502500 0.291262 0.065000 0.165049
2.000000 0.445000 0.092233 0.055000 0.135922
0.000000 0.571250 0.058252 0.047500 0.097087
2.000000 0.341250 0.383495 0.057500 0.145631
2.000000 0.300000 0.645631 0.090000 0.203883
2.000000 0.248750 0.616505 0.057500 0.155340
2.000000 0.142500 0.422330 0.070000 0.184466
2.000000 0.181250 0.167476 0.062500 0.150485
2.000000 0.163750 0.033981 0.052500 0.067961
2.000000 0.258750 0.327670 0.067500 0.140777
2.000000 0.133750 0.854369 0.047500 0.213592
