2.000000 0.171744 0.685355 0.074348 0.086581
2.000000 0.288598 0.616258 0.063229 0.090572
2.000000 0.441042 0.795124 0.078126 0.063003
2.000000 0.347969 0.584775 0.051649 0.069558
2.000000 0.379057 0.472694 0.046565 0.065421
1.000000 0.290328 0.446587 0.038410 0.054438
2.000000 0.195521 0.529158 0.039470 0.063994
2.000000 0.177458 0.464411 0.025525 0.042504
2.000000 0.230333 0.417955 0.024819 0.036134
2.000000 0.491966 0.498820 0.069971 0.088815
2.000000 0.541131 0.418920 0.044554 0.068131
2.000000 0.771341 0.434472 0.088293 0.108071
2.000000 0.626464 0.370818 0.027645 0.061615
2.000000 0.554604 0.300614 0.038764 0.057624
2.000000 0.461905 0.293215 0.032620 0.043931
2.000000 0.321470 0.345891 0.025879 0.045689
2.000000 0.122125 0.456007 0.024573 0.054769
2.000000 0.097905 0.412036 0.023160 0.042028
2.000000 0.168041 0.368620 0.033327 0.050302
2.000000 0.235636 0.324086 0.022100 0.032473
