0.000000 0.121889 0.297177 0.063382 0.130015
0.000000 0.184053 0.417906 0.060945 0.102155
0.000000 0.188928 0.587390 0.065820 0.134659
0.000000 0.243778 0.269317 0.058507 0.130015
0.000000 0.329101 0.538634 0.073134 0.157876
2.000000 0.436363 0.568816 0.087760 0.190379
0.000000 0.528999 0.301821 0.053631 0.130015
0.000000 0.593600 0.652397 0.080447 0.153232
0.000000 0.607008 0.487557 0.063382 0.130015
2.000000 0.862975 0.629180 0.078009 0.181092
0.000000 0.938547 0.350576 0.053631 0.116085
0.000000 0.677704 0.153232 0.053631 0.102155
0.000000 0.859319 0.201988 0.041442 0.078938
0.000000 0.472930 0.273960 0.053631 0.092868
