0.000000 0.660267 0.517451 0.061064 0.099764
0.000000 0.654396 0.386512 0.054018 0.078979
2.000000 0.585112 0.367806 0.046972 0.066509
0.000000 0.529920 0.426001 0.044623 0.074823
2.000000 0.500562 0.353257 0.042275 0.078979
0.000000 0.567497 0.288827 0.049321 0.091450
2.000000 0.667313 0.689959 0.046972 0.137175
0.000000 0.606249 0.743998 0.070458 0.137175
0.000000 0.540488 0.847918 0.070458 0.145488
2.000000 0.440673 0.916685 0.091595 0.166631
2.000000 0.439499 0.586039 0.061064 0.120548
2.000000 0.440673 0.430158 0.058715 0.083136
0.000000 0.443022 0.270121 0.035229 0.062352
2.000000 0.353775 0.280513 0.039926 0.091450
2.000000 0.371389 0.332473 0.028183 0.078979
2.000000 0.309151 0.278435 0.039926 0.078979
0.000000 0.251611 0.230631 0.037578 0.074823
0.000000 0.205813 0.299219 0.058715 0.103920
2.000000 0.352600 0.525765 0.051669 0.099764
2.000000 0.359646 0.689959 0.061064 0.095607
2.000000 0.259831 0.581882 0.058715 0.120548
0.000000 0.334986 0.854153 0.039926 0.099764
0.000000 0.381958 0.889486 0.039926 0.145488
2.000000 0.209336 0.937469 0.084550 0.125063
2.000000 0.183501 0.629685 0.065761 0.116391
2.000000 0.128309 0.841683 0.049321 0.141332
2.000000 0.150621 0.486275 0.046972 0.087293
2.000000 0.076640 0.598509 0.054018 0.103920
0.000000 0.150621 0.218161 0.046972 0.083136
0.000000 0.152969 0.330395 0.037578 0.058195
0.000000 0.105997 0.245180 0.042275 0.070666
2.000000 0.019099 0.214004 0.032880 0.074823
0.000000 0.073117 0.342865 0.042275 0.074823
2.000000 0.016595 0.579804 0.033191 0.074823
