2.000000 0.443773 0.370764 0.040543 0.050678
2.000000 0.194183 0.431578 0.038009 0.043921
0.000000 0.099161 0.440024 0.040543 0.047300
0.000000 0.260065 0.394414 0.038009 0.043921
0.000000 0.322145 0.358939 0.035475 0.040543
0.000000 0.510921 0.364007 0.032941 0.050678
0.000000 0.616078 0.355561 0.040543 0.047300
0.000000 0.538794 0.342047 0.032941 0.040543
1.000000 0.784583 0.350493 0.043076 0.050678
1.000000 0.700964 0.350493 0.032941 0.050678
1.000000 0.733905 0.507595 0.032941 0.047300
1.000000 0.362688 0.377521 0.040543 0.050678
2.000000 0.915079 0.387657 0.020271 0.030407
0.000000 0.133369 0.406239 0.022805 0.027028
