2.000000 0.077110 0.073163 0.025703 0.046208
2.000000 0.154220 0.057760 0.025703 0.038507
2.000000 0.321292 0.090491 0.025703 0.057760
2.000000 0.443383 0.034656 0.028274 0.046208
2.000000 0.070684 0.211788 0.033414 0.053910
2.000000 0.152935 0.177132 0.033414 0.046208
2.000000 0.290448 0.169430 0.030844 0.053910
2.000000 0.313581 0.238743 0.030844 0.046208
2.000000 0.250608 0.319607 0.033414 0.046208
2.000000 0.083536 0.304205 0.038555 0.053910
2.000000 0.038555 0.375442 0.035985 0.057760
2.000000 0.110524 0.427427 0.035985 0.046208
2.000000 0.107954 0.500590 0.030844 0.061611
2.000000 0.170927 0.533321 0.033414 0.057760
2.000000 0.179924 0.618036 0.046266 0.065462
2.000000 0.131087 0.824048 0.046266 0.061611
2.000000 0.156791 0.953046 0.046266 0.073163
2.000000 0.262174 0.899136 0.046266 0.057760
2.000000 0.339284 0.519843 0.041125 0.053910
2.000000 0.359847 0.371592 0.030844 0.050059
2.000000 0.390691 0.845227 0.046266 0.073163
2.000000 0.456235 0.581454 0.038555 0.069312
2.000000 0.517923 0.105894 0.028274 0.034656
2.000000 0.542341 0.165580 0.030844 0.046208
2.000000 0.607885 0.119371 0.028274 0.046208
2.000000 0.580896 0.211788 0.030844 0.046208
2.000000 0.679854 0.200236 0.033414 0.046208
2.000000 0.652865 0.261847 0.035985 0.061611
2.000000 0.616881 0.417800 0.035985 0.057760
2.000000 0.568044 0.510217 0.035985 0.065462
2.000000 0.738972 0.818272 0.043696 0.073163
2.000000 0.794234 0.390845 0.035985 0.065462
2.000000 0.823793 0.566052 0.038555 0.061611
2.000000 0.812226 0.050059 0.030844 0.038507
2.000000 0.839215 0.030806 0.023133 0.046208
0.000000 0.953595 0.067387 0.025703 0.050059
2.000000 0.864918 0.123222 0.033414 0.038507
2.000000 0.983223 0.363890 0.033554 0.042358
2.000000 0.925321 0.510217 0.035985 0.057760
2.000000 0.949739 0.708527 0.033414 0.061611
2.000000 0.978083 0.762437 0.043835 0.053910
