0.000000 0.038368 0.824109 0.039265 0.068380
0.000000 0.054074 0.665981 0.044500 0.068380
0.000000 0.052766 0.567685 0.036647 0.042737
0.000000 0.093339 0.512127 0.034030 0.051285
0.000000 0.102501 0.379641 0.036647 0.059832
0.000000 0.010677 0.230061 0.021354 0.051285
0.000000 0.099883 0.247156 0.036647 0.059832
0.000000 0.119516 0.176639 0.034030 0.047011
0.000000 0.294899 0.238608 0.018324 0.042737
2.000000 0.374738 0.223650 0.020941 0.047011
2.000000 0.423164 0.208692 0.023559 0.042737
0.000000 0.356414 0.257840 0.031412 0.047011
0.000000 0.360341 0.317672 0.028794 0.047011
2.000000 0.339399 0.422378 0.028794 0.042737
0.000000 0.377355 0.475800 0.020941 0.047011
0.000000 0.355105 0.529222 0.023559 0.051285
0.000000 0.359032 0.621107 0.031412 0.055558
0.000000 0.334164 0.717266 0.039265 0.059832
0.000000 0.370811 0.796330 0.034030 0.047011
0.000000 0.379973 0.982571 0.036647 0.034858
2.000000 0.428400 0.571959 0.034030 0.051285
0.000000 0.461120 0.616833 0.036647 0.064106
0.000000 0.468973 0.518537 0.036647 0.055558
0.000000 0.440179 0.512127 0.026177 0.051285
0.000000 0.431017 0.326220 0.018324 0.038464
0.000000 0.453267 0.349725 0.031412 0.051285
0.000000 0.489915 0.223650 0.026177 0.047011
0.000000 0.497768 0.371094 0.031412 0.051285
0.000000 0.547503 0.360409 0.026177 0.038464
0.000000 0.548812 0.473663 0.034030 0.051285
0.000000 0.526562 0.657434 0.031412 0.042737
0.000000 0.470282 0.811288 0.028794 0.059832
0.000000 0.508238 0.862573 0.036647 0.059832
0.000000 0.554047 0.858299 0.034030 0.059832
0.000000 0.560592 0.683076 0.036647 0.059832
0.000000 0.527871 0.268524 0.028794 0.042737
0.000000 0.569753 0.238608 0.018324 0.042737
0.000000 0.559283 0.183050 0.023559 0.034190
0.000000 0.629959 0.210829 0.023559 0.038464
0.000000 0.602474 0.245019 0.026177 0.029916
0.000000 0.633886 0.292030 0.031412 0.038464
0.000000 0.620798 0.396736 0.036647 0.042737
0.000000 0.645665 0.373231 0.013088 0.047011
0.000000 0.614254 0.499306 0.034030 0.042737
0.000000 0.645665 0.548454 0.034030 0.055558
0.000000 0.671842 0.557001 0.018324 0.047011
0.000000 0.658754 0.663844 0.034030 0.055558
0.000000 0.650901 0.809151 0.039265 0.047011
0.000000 0.686239 0.950184 0.036647 0.055558
0.000000 0.677077 0.215103 0.018324 0.029916
