2.000000 0.945885 0.062945 0.031784 0.047617
2.000000 0.879872 0.225942 0.041564 0.058605
2.000000 0.767404 0.035474 0.031784 0.043954
2.000000 0.724618 0.092248 0.039119 0.062268
2.000000 0.623152 0.297367 0.051344 0.084245
2.000000 0.684276 0.029979 0.036674 0.054943
2.000000 0.621930 0.039137 0.034229 0.051280
2.000000 0.524132 0.209459 0.044009 0.069594
2.000000 0.536357 0.152685 0.034229 0.051280
0.000000 0.717283 0.024485 0.024449 0.029303
0.000000 0.549804 0.048294 0.022005 0.040291
2.000000 0.478900 0.081259 0.031784 0.040291
1.000000 0.448339 0.024485 0.024449 0.043954
2.000000 0.396995 0.014074 0.029339 0.028148
2.000000 0.378658 0.012243 0.012225 0.024485
0.000000 0.418999 0.008580 0.019560 0.017160
0.000000 0.267413 0.012243 0.029339 0.024485
2.000000 0.196509 0.046462 0.029339 0.043954
