2.000000 0.374988 0.750120 0.118337 0.173834
2.000000 0.507163 0.191161 0.045578 0.084438
0.000000 0.699219 0.149238 0.064906 0.095169
2.000000 0.618392 0.378099 0.055780 0.097163
0.000000 0.270471 0.175855 0.018593 0.032388
0.000000 0.320601 0.178043 0.018593 0.032388
0.000000 0.402231 0.139162 0.020673 0.029130
2.000000 0.780493 0.186844 0.028257 0.037753
2.000000 0.646264 0.108415 0.023829 0.040590
0.000000 0.558285 0.109292 0.019131 0.039747
0.000000 0.582238 0.078898 0.013358 0.024185
2.000000 0.358118 0.202997 0.024098 0.044270
2.000000 0.359805 0.258613 0.041419 0.090954
