2.000000 0.074729 0.137521 0.025725 0.043529
2.000000 0.146545 0.117875 0.025457 0.036595
2.000000 0.304447 0.134823 0.026127 0.053929
2.000000 0.417062 0.075404 0.028137 0.043721
2.000000 0.073524 0.262810 0.033229 0.051040
2.000000 0.149493 0.225444 0.032961 0.044106
2.000000 0.278253 0.208205 0.030817 0.050848
2.000000 0.302371 0.268876 0.030549 0.043914
2.000000 0.246097 0.346399 0.032961 0.044106
2.000000 0.088798 0.345052 0.038052 0.051425
2.000000 0.049071 0.412560 0.035774 0.054700
2.000000 0.118409 0.453969 0.035372 0.044299
2.000000 0.118543 0.520032 0.031085 0.057781
2.000000 0.178770 0.544782 0.033363 0.054507
2.000000 0.190159 0.620379 0.045689 0.062404
2.000000 0.151504 0.809516 0.045555 0.058937
2.000000 0.180110 0.908073 0.045957 0.038022
2.000000 0.277116 0.867297 0.045421 0.055470
2.000000 0.336270 0.520032 0.040464 0.051618
2.000000 0.350405 0.385016 0.030683 0.047381
2.000000 0.395827 0.809130 0.045957 0.069338
2.000000 0.448148 0.566738 0.038588 0.065293
2.000000 0.489481 0.133956 0.027735 0.033321
2.000000 0.514470 0.185862 0.030549 0.043914
2.000000 0.574361 0.139348 0.028137 0.043721
2.000000 0.552254 0.224576 0.030549 0.043914
2.000000 0.644704 0.206759 0.032961 0.044106
2.000000 0.621524 0.264252 0.035908 0.058167
2.000000 0.593187 0.407357 0.035774 0.054700
2.000000 0.550580 0.494222 0.036042 0.061633
2.000000 0.721680 0.758763 0.043545 0.069145
2.000000 0.758659 0.369798 0.036042 0.061633
2.000000 0.792491 0.525326 0.038320 0.058359
2.000000 0.763683 0.061632 0.030281 0.036980
2.000000 0.788336 0.042275 0.023314 0.043336
0.000000 0.896931 0.066639 0.025859 0.046996
2.000000 0.815669 0.123554 0.032693 0.037173
2.000000 0.937396 0.331181 0.037650 0.041025
2.000000 0.885811 0.467448 0.035774 0.054700
2.000000 0.915623 0.644163 0.033496 0.057974
2.000000 0.944387 0.690291 0.043593 0.052389
