2.000000 0.083343 0.686736 0.140228 0.301035
2.000000 0.345279 0.416275 0.029104 0.061148
2.000000 0.432591 0.425682 0.034396 0.079962
2.000000 0.579433 0.338664 0.031750 0.065851
2.000000 0.142874 0.435089 0.015875 0.032926
2.000000 0.469632 0.390405 0.013229 0.028222
2.000000 0.519903 0.390405 0.018521 0.037629
2.000000 0.679974 0.364534 0.021167 0.023518
2.000000 0.746120 0.380997 0.031750 0.056444
2.000000 0.931268 0.322201 0.137464 0.343368
0.000000 0.775224 0.329257 0.015875 0.037629
2.000000 0.230186 0.425682 0.010583 0.042333
