2.000000 0.803750 0.449115 0.077500 0.146018
0.000000 0.607500 0.615044 0.140000 0.292035
2.000000 0.907500 0.342920 0.060000 0.119469
1.000000 0.832500 0.179204 0.045000 0.101770
0.000000 0.777500 0.331858 0.055000 0.088496
2.000000 0.716250 0.261062 0.052500 0.079646
2.000000 0.650000 0.241150 0.060000 0.084071
2.000000 0.572500 0.287611 0.050000 0.079646
2.000000 0.526250 0.358407 0.057500 0.106195
2.000000 0.451250 0.369469 0.067500 0.084071
0.000000 0.535000 0.172566 0.035000 0.070796
2.000000 0.618750 0.099558 0.022500 0.039823
2.000000 0.532500 0.084071 0.025000 0.044248
2.000000 0.323750 0.457965 0.092500 0.154867
2.000000 0.868750 0.205752 0.037500 0.084071
2.000000 0.732500 0.183628 0.045000 0.066372
2.000000 0.422500 0.059735 0.015000 0.030973
2.000000 0.201250 0.902655 0.067500 0.185841
2.000000 0.158750 0.542035 0.087500 0.172566
2.000000 0.173750 0.289823 0.067500 0.101770
2.000000 0.181250 0.426991 0.037500 0.092920
2.000000 0.221250 0.210177 0.042500 0.101770
2.000000 0.128750 0.174779 0.032500 0.066372
