1.000000 0.108001 0.398232 0.126001 0.230975
2.000000 0.390377 0.567481 0.105751 0.226992
2.000000 0.484878 0.678986 0.065250 0.171240
2.000000 0.598503 0.712836 0.112501 0.207081
2.000000 0.735754 0.647127 0.081000 0.179204
2.000000 0.590628 0.330533 0.056250 0.127434
2.000000 0.650253 0.292701 0.058500 0.107523
2.000000 0.461252 0.238939 0.040500 0.095576
2.000000 0.504003 0.183187 0.045000 0.087611
2.000000 0.429752 0.302656 0.058500 0.087611
2.000000 0.540003 0.073673 0.036000 0.059735
2.000000 0.615378 0.049779 0.033750 0.051770
2.000000 0.482627 0.059735 0.033750 0.055753
