2.000000 0.986141 0.244110 0.027718 0.101511
2.000000 0.908100 0.306950 0.046429 0.091843
2.000000 0.764716 0.203022 0.032774 0.067674
2.000000 0.707362 0.285197 0.060085 0.116013
2.000000 0.690976 0.203022 0.038236 0.067674
2.000000 0.647277 0.258611 0.043698 0.091843
2.000000 0.600848 0.514806 0.060085 0.101511
2.000000 0.570806 0.251361 0.032774 0.067674
2.000000 0.513452 0.244110 0.032774 0.082176
2.000000 0.476582 0.256194 0.046429 0.096677
2.000000 0.421959 0.290031 0.040967 0.077342
2.000000 0.378261 0.333536 0.051891 0.096677
2.000000 0.314080 0.352871 0.060085 0.106345
2.000000 0.256726 0.232025 0.043698 0.087009
0.000000 0.208931 0.234442 0.040967 0.062840
2.000000 0.126997 0.207856 0.046429 0.096677
2.000000 0.064182 0.234442 0.046429 0.101511
2.000000 0.173427 0.232025 0.024580 0.058006
