2.000000 0.035336 0.439387 0.040986 0.072118
2.000000 0.097063 0.409813 0.043089 0.065610
2.000000 0.192239 0.415532 0.045382 0.065748
2.000000 0.280055 0.397510 0.040605 0.058827
2.000000 0.335721 0.419160 0.043374 0.075578
2.000000 0.459090 0.443215 0.043184 0.068933
2.000000 0.479582 0.409499 0.027415 0.077936
2.000000 0.579061 0.425461 0.024171 0.044572
2.000000 0.654062 0.333446 0.050540 0.085959
2.000000 0.817423 0.364896 0.057325 0.083050
2.000000 0.928035 0.393176 0.017861 0.064094
2.000000 0.868501 0.386271 0.045572 0.072393
0.000000 0.601805 0.433484 0.033915 0.065059
0.000000 0.386181 0.462132 0.040890 0.068795
0.000000 0.253734 0.434204 0.045668 0.075716
