2.000000 0.925000 0.071161 0.025000 0.044944
2.000000 0.850000 0.056180 0.025000 0.037453
2.000000 0.687500 0.088015 0.025000 0.056180
2.000000 0.568750 0.033708 0.027500 0.044944
2.000000 0.931250 0.205993 0.032500 0.052434
2.000000 0.851250 0.172285 0.032500 0.044944
2.000000 0.717500 0.164794 0.030000 0.052434
2.000000 0.695000 0.232210 0.030000 0.044944
2.000000 0.756250 0.310861 0.032500 0.044944
2.000000 0.918750 0.295880 0.037500 0.052434
2.000000 0.962500 0.365169 0.035000 0.056180
2.000000 0.892500 0.415730 0.035000 0.044944
2.000000 0.895000 0.486891 0.030000 0.059925
2.000000 0.833750 0.518727 0.032500 0.056180
2.000000 0.825000 0.601124 0.045000 0.063670
2.000000 0.872500 0.801498 0.045000 0.059925
2.000000 0.847500 0.926966 0.045000 0.071161
2.000000 0.745000 0.874532 0.045000 0.056180
2.000000 0.670000 0.505618 0.040000 0.052434
2.000000 0.650000 0.361423 0.030000 0.048689
2.000000 0.620000 0.822097 0.045000 0.071161
2.000000 0.556250 0.565543 0.037500 0.067416
2.000000 0.496250 0.102996 0.027500 0.033708
2.000000 0.472500 0.161049 0.030000 0.044944
2.000000 0.408750 0.116105 0.027500 0.044944
2.000000 0.435000 0.205993 0.030000 0.044944
2.000000 0.338750 0.194757 0.032500 0.044944
2.000000 0.365000 0.254682 0.035000 0.059925
2.000000 0.400000 0.406367 0.035000 0.056180
2.000000 0.447500 0.496255 0.035000 0.063670
2.000000 0.281250 0.795880 0.042500 0.071161
2.000000 0.227500 0.380150 0.035000 0.063670
2.000000 0.198750 0.550562 0.037500 0.059925
2.000000 0.210000 0.048689 0.030000 0.037453
2.000000 0.183750 0.029963 0.022500 0.044944
0.000000 0.072500 0.065543 0.025000 0.048689
2.000000 0.158750 0.119850 0.032500 0.037453
2.000000 0.041250 0.353933 0.037500 0.041199
2.000000 0.100000 0.496255 0.035000 0.056180
2.000000 0.076250 0.689139 0.032500 0.059925
2.000000 0.045000 0.741573 0.050000 0.052434
