2.000000 0.865286 0.443753 0.018169 0.041863
2.000000 0.785798 0.500268 0.031795 0.062795
2.000000 0.741512 0.481430 0.052235 0.108845
2.000000 0.698361 0.458405 0.029524 0.062795
2.000000 0.615466 0.617486 0.054506 0.096286
2.000000 0.864151 0.383051 0.011355 0.020932
2.000000 0.822135 0.380957 0.013627 0.025118
2.000000 0.800560 0.389330 0.020440 0.033491
2.000000 0.780120 0.387237 0.015898 0.029304
2.000000 0.638177 0.395610 0.022711 0.046050
2.000000 0.616602 0.412355 0.015898 0.029304
2.000000 0.602975 0.466777 0.024982 0.037677
2.000000 0.581400 0.374678 0.013627 0.029304
2.000000 0.505318 0.433287 0.024982 0.037677
2.000000 0.524622 0.588181 0.027253 0.046050
2.000000 0.456490 0.424914 0.018169 0.054422
2.000000 0.419017 0.456312 0.029524 0.058609
2.000000 0.430372 0.567250 0.038609 0.121404
2.000000 0.484878 0.343280 0.015898 0.033491
2.000000 0.523487 0.347467 0.020440 0.033491
2.000000 0.323631 0.460498 0.038609 0.058609
2.000000 0.382679 0.397703 0.020440 0.033491
2.000000 0.290700 0.337001 0.013627 0.029304
2.000000 0.302055 0.301417 0.013627 0.025118
2.000000 0.199856 0.632138 0.118097 0.226063
2.000000 0.034066 0.380957 0.036337 0.083727
2.000000 0.113555 0.412355 0.022711 0.046050
2.000000 0.839169 0.544225 0.015898 0.033491
2.000000 0.849389 0.376771 0.013627 0.025118
