2.000000 0.774635 0.770575 0.058778 0.081506
2.000000 0.652377 0.770575 0.054076 0.081506
2.000000 0.547751 0.797221 0.051725 0.078371
2.000000 0.384348 0.839541 0.063480 0.081506
2.000000 0.111617 0.714148 0.058778 0.068966
2.000000 0.233876 0.612265 0.054076 0.072101
2.000000 0.059892 0.469630 0.044671 0.056427
2.000000 0.182151 0.466495 0.035267 0.050157
2.000000 0.347905 0.631074 0.051725 0.065832
2.000000 0.474866 0.599726 0.051725 0.065832
2.000000 0.646499 0.546434 0.028214 0.072101
2.000000 0.681766 0.532327 0.051725 0.075236
2.000000 0.745246 0.529192 0.047023 0.068966
2.000000 0.846345 0.504113 0.023511 0.068966
2.000000 0.839291 0.361478 0.037618 0.040753
2.000000 0.735842 0.359911 0.042320 0.056427
2.000000 0.611232 0.395962 0.037618 0.053292
2.000000 0.535996 0.388124 0.042320 0.056427
2.000000 0.417264 0.444552 0.049374 0.056427
2.000000 0.322043 0.457091 0.047023 0.056427
2.000000 0.092808 0.290944 0.025862 0.056427
2.000000 0.178624 0.279973 0.037618 0.059562
2.000000 0.246807 0.278405 0.042320 0.043888
2.000000 0.352608 0.228248 0.037618 0.056427
2.000000 0.404332 0.234517 0.032916 0.056427
2.000000 0.507782 0.193764 0.032916 0.056427
2.000000 0.584194 0.209439 0.030565 0.050157
2.000000 0.689995 0.184360 0.030565 0.050157
2.000000 0.778162 0.182793 0.037618 0.059562
2.000000 0.840467 0.173388 0.035267 0.053292
2.000000 0.841642 0.084045 0.028214 0.043888
2.000000 0.748773 0.090315 0.021160 0.043888
2.000000 0.664132 0.124798 0.030565 0.050157
2.000000 0.545400 0.129500 0.028214 0.053292
2.000000 0.403157 0.104422 0.025862 0.053292
2.000000 0.319692 0.134203 0.032916 0.056427
2.000000 0.204487 0.162416 0.032916 0.056427
2.000000 0.117495 0.142040 0.037618 0.059562
2.000000 0.014076 0.173388 0.028152 0.053292
2.000000 0.091632 0.049562 0.028214 0.043888
2.000000 0.162166 0.057399 0.032916 0.047023
2.000000 0.255036 0.051129 0.030565 0.053292
2.000000 0.296181 0.015376 0.023511 0.030753
2.000000 0.374943 0.046427 0.030565 0.043888
2.000000 0.438424 0.049562 0.030565 0.037618
2.000000 0.501904 0.037023 0.030565 0.043888
2.000000 0.584194 0.021646 0.035267 0.043292
2.000000 0.693521 0.041725 0.023511 0.034483
2.000000 0.754651 0.018511 0.023511 0.037023
