2.000000 0.117500 0.330612 0.045000 0.089796
2.000000 0.200000 0.381633 0.045000 0.085714
2.000000 0.387500 0.365306 0.050000 0.093878
2.000000 0.335000 0.302041 0.030000 0.057143
2.000000 0.403750 0.300000 0.027500 0.044898
2.000000 0.440000 0.346939 0.045000 0.065306
2.000000 0.466250 0.318367 0.017500 0.057143
2.000000 0.488750 0.540816 0.047500 0.085714
2.000000 0.512500 0.338776 0.030000 0.057143
2.000000 0.560000 0.334694 0.030000 0.065306
2.000000 0.593750 0.344898 0.042500 0.077551
2.000000 0.647500 0.371429 0.040000 0.073469
2.000000 0.686250 0.400000 0.047500 0.089796
2.000000 0.747500 0.420408 0.055000 0.097959
2.000000 0.752500 0.279592 0.030000 0.069388
2.000000 0.801250 0.326531 0.042500 0.073469
0.000000 0.842500 0.326531 0.040000 0.057143
2.000000 0.916250 0.304082 0.042500 0.069388
2.000000 0.971250 0.322449 0.047500 0.081633
2.000000 0.873750 0.320408 0.022500 0.044898
