2.000000 0.567712 0.565003 0.150925 0.213617
2.000000 0.861436 0.814223 0.130028 0.198138
2.000000 0.839377 0.283275 0.109131 0.151699
2.000000 0.611828 0.294111 0.104487 0.130028
2.000000 0.314621 0.332810 0.132350 0.170275
2.000000 0.436523 0.167179 0.097521 0.148603
2.000000 0.236837 0.095973 0.088233 0.130028
2.000000 0.903230 0.311139 0.046439 0.102165
2.000000 0.118418 0.109905 0.088233 0.108357
2.000000 0.326231 0.092877 0.062692 0.105261
0.000000 0.517790 0.184206 0.065014 0.095973
0.000000 0.078946 0.263152 0.125384 0.160987
