2.000000 0.175804 0.465287 0.136111 0.275340
2.000000 0.423928 0.242502 0.028222 0.055968
2.000000 0.504547 0.256364 0.033514 0.072956
2.000000 0.642292 0.188652 0.030769 0.060299
2.000000 0.236185 0.246324 0.015385 0.030149
2.000000 0.539573 0.227487 0.012837 0.025818
2.000000 0.586104 0.230674 0.017932 0.034480
2.000000 0.734811 0.217923 0.020085 0.022158
2.000000 0.795690 0.236688 0.030572 0.051972
2.000000 0.940735 0.205622 0.079314 0.289477
0.000000 0.823714 0.192737 0.015483 0.034313
2.000000 0.317199 0.243533 0.010684 0.038141
