2.000000 0.900285 0.218160 0.041392 0.073363
2.000000 0.778695 0.231674 0.051741 0.077225
2.000000 0.682975 0.252911 0.041392 0.057919
2.000000 0.585962 0.131282 0.059502 0.100392
2.000000 0.529047 0.179547 0.033631 0.050196
2.000000 0.452730 0.189200 0.051741 0.077225
2.000000 0.380293 0.386123 0.046566 0.077225
2.000000 0.323378 0.162172 0.051741 0.077225
2.000000 0.236713 0.222021 0.049154 0.081086
2.000000 0.166863 0.241327 0.033631 0.057919
2.000000 0.122884 0.243258 0.043979 0.061780
2.000000 0.098307 0.191131 0.025870 0.042474
2.000000 0.025870 0.166033 0.051741 0.084947
