2.000000 0.193459 0.736472 0.152053 0.171635
0.000000 0.478571 0.153104 0.046837 0.067282
2.000000 0.376314 0.169727 0.067071 0.074755
2.000000 0.107028 0.193203 0.058927 0.047535
2.000000 0.325625 0.286158 0.060826 0.082993
2.000000 0.414841 0.277330 0.080571 0.106295
0.000000 0.657940 0.247656 0.047235 0.070554
0.000000 0.626718 0.304600 0.068663 0.087839
2.000000 0.748914 0.169669 0.067377 0.097127
2.000000 0.889323 0.186321 0.047837 0.081417
2.000000 0.870577 0.450074 0.085329 0.112192
2.000000 0.588886 0.453541 0.081765 0.116109
