2.000000 0.165000 0.014652 0.055000 0.029304
2.000000 0.436250 0.045788 0.052500 0.076923
2.000000 0.368750 0.155678 0.052500 0.084249
0.000000 0.535000 0.049451 0.045000 0.069597
2.000000 0.457500 0.172161 0.065000 0.109890
2.000000 0.175000 0.681319 0.120000 0.307692
0.000000 0.702500 0.192308 0.035000 0.069597
0.000000 0.663750 0.247253 0.057500 0.084249
2.000000 0.606250 0.402930 0.072500 0.117216
2.000000 0.800000 0.122711 0.055000 0.098901
2.000000 0.940000 0.181319 0.045000 0.084249
2.000000 0.891250 0.461538 0.072500 0.102564
