2.000000 0.102500 0.213333 0.070000 0.133333
2.000000 0.221250 0.233333 0.082500 0.137778
2.000000 0.238750 0.497778 0.087500 0.151111
2.000000 0.153750 0.837778 0.077500 0.137778
2.000000 0.365000 0.544444 0.085000 0.164444
2.000000 0.346250 0.895556 0.077500 0.120000
2.000000 0.566250 0.697778 0.087500 0.177778
2.000000 0.580000 0.951111 0.080000 0.097778
2.000000 0.648750 0.651111 0.077500 0.146667
2.000000 0.783750 0.860000 0.077500 0.164444
2.000000 0.895000 0.402222 0.080000 0.155556
2.000000 0.991250 0.506667 0.017500 0.151111
2.000000 0.886250 0.706667 0.077500 0.160000
2.000000 0.973750 0.793333 0.052500 0.164444
2.000000 0.863750 0.964444 0.087500 0.071111
