2.000000 0.630000 0.546233 0.120000 0.188356
2.000000 0.763750 0.446918 0.132500 0.195205
2.000000 0.902500 0.342466 0.060000 0.102740
2.000000 0.788750 0.145548 0.067500 0.085616
2.000000 0.891250 0.109589 0.032500 0.068493
2.000000 0.647500 0.251712 0.080000 0.113014
2.000000 0.592500 0.085616 0.045000 0.075342
2.000000 0.523750 0.339041 0.072500 0.109589
2.000000 0.328750 0.344178 0.072500 0.119863
2.000000 0.470000 0.251712 0.060000 0.078767
2.000000 0.212500 0.308219 0.060000 0.075342
2.000000 0.078750 0.414384 0.072500 0.116438
2.000000 0.020000 0.268836 0.040000 0.078767
2.000000 0.201250 0.111301 0.057500 0.071918
2.000000 0.318750 0.058219 0.052500 0.075342
2.000000 0.440000 0.106164 0.030000 0.054795
2.000000 0.493750 0.143836 0.032500 0.061644
2.000000 0.103750 0.061644 0.057500 0.075342
