2.000000 0.049157 0.613705 0.087964 0.127211
2.000000 0.090552 0.443518 0.041395 0.061886
2.000000 0.128066 0.407418 0.028459 0.044696
2.000000 0.178516 0.362722 0.025872 0.030943
2.000000 0.024578 0.374755 0.023285 0.027505
2.000000 0.205681 0.445237 0.038808 0.044696
2.000000 0.244489 0.374755 0.028459 0.041257
2.000000 0.297527 0.548381 0.119011 0.168468
2.000000 0.302701 0.367879 0.025872 0.027505
2.000000 0.391959 0.381632 0.018110 0.020629
2.000000 0.415244 0.405699 0.028459 0.034381
2.000000 0.459226 0.471023 0.043982 0.061886
2.000000 0.562713 0.460709 0.064680 0.089391
2.000000 0.526493 0.416013 0.023285 0.048134
2.000000 0.461813 0.397103 0.018110 0.024067
2.000000 0.606696 0.366160 0.028459 0.030943
2.000000 0.727000 0.409137 0.025872 0.027505
2.000000 0.725706 0.359284 0.018110 0.024067
2.000000 0.773569 0.457270 0.025872 0.034381
2.000000 0.754165 0.376474 0.018110 0.017191
2.000000 0.804615 0.414294 0.020698 0.030943
2.000000 0.855066 0.462428 0.049157 0.065324
2.000000 0.923626 0.416013 0.025872 0.034381
2.000000 0.990272 0.402260 0.019456 0.034381
0.000000 0.564007 0.364441 0.015523 0.020629
