2.000000 0.065778 0.724989 0.045538 0.075520
2.000000 0.053128 0.409694 0.020239 0.056640
2.000000 0.137880 0.398366 0.032889 0.056640
0.000000 0.055658 0.511646 0.025299 0.064192
0.000000 0.024034 0.538077 0.022769 0.071744
2.000000 0.304854 0.266207 0.058188 0.086848
2.000000 0.380751 0.281311 0.053128 0.079296
2.000000 0.494597 0.303967 0.058188 0.094400
2.000000 0.651451 0.317183 0.048068 0.083072
2.000000 0.765297 0.292639 0.058188 0.094400
2.000000 0.984477 0.388926 0.031045 0.052864
0.000000 0.984477 0.509758 0.031045 0.075520
