2.000000 0.708262 0.696894 0.126853 0.199113
2.000000 0.849650 0.591907 0.140067 0.206353
2.000000 0.982305 0.481490 0.035390 0.108607
2.000000 0.876077 0.273327 0.071355 0.090506
2.000000 0.983626 0.235315 0.032747 0.072405
2.000000 0.726761 0.385554 0.084569 0.119468
2.000000 0.668620 0.209973 0.047570 0.079645
2.000000 0.595944 0.477870 0.076640 0.115847
2.000000 0.389808 0.483301 0.076640 0.126708
2.000000 0.539125 0.385554 0.063426 0.083265
2.000000 0.266919 0.445288 0.063426 0.079645
2.000000 0.125531 0.557515 0.076640 0.123088
2.000000 0.055498 0.403656 0.058141 0.083265
2.000000 0.255027 0.237125 0.060784 0.076025
2.000000 0.379237 0.181011 0.055498 0.079645
2.000000 0.507411 0.231695 0.031713 0.057924
2.000000 0.564231 0.271517 0.034356 0.065164
2.000000 0.151959 0.184632 0.060784 0.079645
