2.000000 0.065000 0.916016 0.070000 0.113281
2.000000 0.175000 0.861328 0.130000 0.230469
2.000000 0.366250 0.734375 0.077500 0.164062
2.000000 0.192500 0.361328 0.045000 0.074219
2.000000 0.271250 0.232422 0.037500 0.058594
2.000000 0.295000 0.367188 0.035000 0.070312
2.000000 0.370000 0.259766 0.030000 0.042969
2.000000 0.463750 0.273438 0.037500 0.062500
2.000000 0.436250 0.494141 0.037500 0.066406
2.000000 0.563750 0.681641 0.102500 0.160156
2.000000 0.627500 0.312500 0.035000 0.054688
0.000000 0.718750 0.462891 0.037500 0.058594
0.000000 0.536250 0.320312 0.037500 0.062500
0.000000 0.318750 0.576172 0.047500 0.074219
