2.000000 0.045808 0.974876 0.075911 0.050249
2.000000 0.128263 0.894156 0.073293 0.138988
1.000000 0.175380 0.803814 0.057587 0.125089
0.000000 0.099469 0.502673 0.052352 0.097292
2.000000 0.277466 0.525838 0.052352 0.115823
2.000000 0.273540 0.233963 0.060205 0.097292
2.000000 0.088999 0.342837 0.047117 0.111190
2.000000 0.024867 0.296508 0.034029 0.092659
2.000000 0.590270 0.940129 0.075911 0.119743
2.000000 0.544462 0.847827 0.068058 0.101925
2.000000 0.523521 0.435496 0.062823 0.111190
2.000000 0.506507 0.233963 0.065440 0.097292
2.000000 0.511742 0.071810 0.060205 0.078760
2.000000 0.693666 0.233963 0.057587 0.115823
2.000000 0.672725 0.511939 0.057587 0.106557
2.000000 0.785282 0.231647 0.062823 0.120456
2.000000 0.862501 0.148254 0.060205 0.092659
2.000000 0.938412 0.335888 0.070675 0.106557
2.000000 0.972478 0.715788 0.055044 0.106557
