2.000000 0.761250 0.476667 0.072500 0.106667
2.000000 0.722500 0.315000 0.035000 0.056667
2.000000 0.688750 0.280000 0.022500 0.040000
2.000000 0.610000 0.315000 0.035000 0.043333
2.000000 0.572500 0.248333 0.025000 0.043333
2.000000 0.635000 0.235000 0.020000 0.030000
2.000000 0.520000 0.416667 0.105000 0.166667
2.000000 0.403750 0.275000 0.022500 0.030000
2.000000 0.517500 0.240000 0.020000 0.026667
2.000000 0.363750 0.340000 0.037500 0.053333
2.000000 0.263750 0.330000 0.057500 0.086667
2.000000 0.315000 0.278333 0.015000 0.030000
2.000000 0.358750 0.270000 0.017500 0.020000
2.000000 0.222500 0.240000 0.025000 0.033333
2.000000 0.105000 0.280000 0.025000 0.026667
2.000000 0.058750 0.330000 0.022500 0.033333
2.000000 0.145000 0.255000 0.010000 0.016667
2.000000 0.105000 0.230000 0.015000 0.020000
2.000000 0.076250 0.248333 0.012500 0.016667
2.000000 0.030000 0.286667 0.020000 0.033333
