2.000000 0.185382 0.507084 0.053997 0.106475
2.000000 0.179096 0.329709 0.071007 0.065662
2.000000 0.424141 0.671080 0.056938 0.137164
2.000000 0.360683 0.550993 0.038538 0.116894
2.000000 0.460975 0.313081 0.023413 0.043472
1.000000 0.073200 0.321380 0.030237 0.047732
0.000000 0.291678 0.285982 0.023586 0.051107
0.000000 0.511409 0.256236 0.019095 0.050812
0.000000 0.356954 0.436536 0.034902 0.055663
2.000000 0.638826 0.370205 0.025485 0.035984
0.000000 0.677568 0.392509 0.035076 0.063299
0.000000 0.684448 0.497200 0.026701 0.089432
0.000000 0.705465 0.383027 0.027991 0.047585
