2.000000 0.037887 0.282685 0.058810 0.082823
2.000000 0.097156 0.318812 0.034898 0.056264
2.000000 0.256031 0.261210 0.037644 0.063690
2.000000 0.323667 0.260360 0.053757 0.089940
2.000000 0.364187 0.269747 0.029625 0.052396
2.000000 0.416956 0.306132 0.040098 0.056470
2.000000 0.492319 0.301311 0.040025 0.052809
2.000000 0.597124 0.337465 0.056064 0.075397
2.000000 0.645848 0.236592 0.048118 0.067764
2.000000 0.748951 0.252658 0.034898 0.056264
2.000000 0.787877 0.247450 0.045591 0.071323
2.000000 0.870381 0.339456 0.050791 0.071529
2.000000 0.947173 0.275947 0.045810 0.082308
2.000000 0.446526 0.288469 0.021532 0.037441
