0.000000 0.149845 0.217169 0.064443 0.094762
2.000000 0.268813 0.203423 0.042044 0.061037
2.000000 0.301013 0.211156 0.031923 0.044383
2.000000 0.361965 0.206094 0.034976 0.053794
2.000000 0.234008 0.354102 0.066301 0.092179
2.000000 0.311157 0.462179 0.096664 0.142143
2.000000 0.403902 0.226400 0.025154 0.040137
2.000000 0.421700 0.257334 0.032221 0.047381
2.000000 0.475595 0.312033 0.049047 0.088854
2.000000 0.537945 0.259872 0.033716 0.062373
2.000000 0.629038 0.448565 0.085945 0.119492
2.000000 0.774858 0.770093 0.159015 0.124329
2.000000 0.724805 0.347834 0.056478 0.078523
