2.000000 0.122165 0.621029 0.123538 0.189188
2.000000 0.226485 0.894827 0.134519 0.210347
2.000000 0.348650 0.522323 0.071377 0.115158
2.000000 0.263547 0.526435 0.054906 0.074030
2.000000 0.336297 0.382488 0.052160 0.082256
2.000000 0.461207 0.417447 0.049415 0.102819
2.000000 0.420028 0.380432 0.032943 0.053466
2.000000 0.527093 0.551112 0.076868 0.131609
2.000000 0.684947 0.431842 0.074123 0.131609
2.000000 0.851036 0.384545 0.054906 0.102819
2.000000 0.838682 0.660101 0.101575 0.152173
2.000000 0.932381 0.931842 0.135237 0.136317
2.000000 0.979051 0.417447 0.041898 0.078143
2.000000 0.756324 0.462687 0.046670 0.078143
