2.000000 0.462500 0.425000 0.040000 0.050000
2.000000 0.216250 0.485000 0.037500 0.043333
0.000000 0.122500 0.493333 0.040000 0.046667
0.000000 0.281250 0.448333 0.037500 0.043333
0.000000 0.342500 0.413333 0.035000 0.040000
0.000000 0.528750 0.418333 0.032500 0.050000
0.000000 0.632500 0.410000 0.040000 0.046667
0.000000 0.556250 0.396667 0.032500 0.040000
1.000000 0.798750 0.405000 0.042500 0.050000
1.000000 0.716250 0.405000 0.032500 0.050000
1.000000 0.748750 0.560000 0.032500 0.046667
1.000000 0.382500 0.431667 0.040000 0.050000
2.000000 0.927500 0.441667 0.020000 0.030000
0.000000 0.156250 0.460000 0.022500 0.026667
