1.000000 0.815789 0.388839 0.137001 0.230712
2.000000 0.537838 0.581160 0.116385 0.224521
2.000000 0.447141 0.696660 0.073132 0.167598
2.000000 0.333846 0.742121 0.122358 0.206788
2.000000 0.192482 0.697677 0.089372 0.176949
2.000000 0.325614 0.384818 0.062190 0.125665
2.000000 0.263809 0.356855 0.063619 0.107382
2.000000 0.452367 0.283608 0.044939 0.094042
2.000000 0.406842 0.236875 0.049146 0.087170
2.000000 0.486870 0.339141 0.062777 0.088822
2.000000 0.365857 0.139206 0.038878 0.060085
2.000000 0.288739 0.126162 0.036269 0.052386
2.000000 0.423198 0.119191 0.036438 0.056098
