2.000000 0.085833 0.464314 0.044142 0.126433
2.000000 0.279569 0.433795 0.039238 0.100274
2.000000 0.328616 0.492652 0.058857 0.095915
2.000000 0.391152 0.364039 0.041690 0.091555
0.000000 0.438973 0.383658 0.053952 0.104634
2.000000 0.499055 0.494832 0.076023 0.152591
0.000000 0.492924 0.298643 0.044142 0.082835
0.000000 0.571400 0.281204 0.049047 0.100274
0.000000 0.690340 0.337881 0.046595 0.091555
2.000000 0.660911 0.453414 0.046595 0.095915
2.000000 0.730803 0.433795 0.049047 0.117713
2.000000 0.875493 0.353140 0.044142 0.087195
1.000000 0.776172 0.477393 0.066214 0.117713
0.000000 0.940480 0.385838 0.061309 0.100274
0.000000 0.181475 0.355320 0.029428 0.056677
0.000000 0.801922 0.335701 0.029428 0.061037
2.000000 0.913504 0.318262 0.026976 0.052317
