2.000000 0.071715 0.593008 0.046247 0.071422
2.000000 0.127365 0.549579 0.047722 0.065960
2.000000 0.220541 0.528341 0.049968 0.066472
2.000000 0.303165 0.487987 0.044708 0.059475
2.000000 0.360288 0.491877 0.048876 0.074921
2.000000 0.483451 0.479176 0.048107 0.068947
2.000000 0.498496 0.443465 0.033545 0.074325
2.000000 0.597316 0.430164 0.027453 0.043946
2.000000 0.656883 0.327428 0.056766 0.085416
2.000000 0.819915 0.310252 0.063117 0.083965
2.000000 0.872547 0.315165 0.050737 0.072446
0.000000 0.620537 0.431021 0.038742 0.063913
0.000000 0.415421 0.516204 0.045862 0.068435
0.000000 0.282892 0.527965 0.051122 0.075432
