2.000000 0.065656 0.847701 0.099060 0.147583
2.000000 0.179691 0.736114 0.064504 0.104388
2.000000 0.281055 0.685720 0.119794 0.212375
2.000000 0.457290 0.568733 0.071416 0.151182
2.000000 0.297181 0.224974 0.041467 0.068392
2.000000 0.369749 0.106188 0.034556 0.053994
2.000000 0.391634 0.230373 0.032252 0.064792
2.000000 0.460746 0.131385 0.027645 0.039595
2.000000 0.547136 0.143983 0.034556 0.057593
2.000000 0.521795 0.347359 0.034556 0.061193
2.000000 0.639285 0.520139 0.094453 0.147583
2.000000 0.698030 0.179979 0.032252 0.050394
0.000000 0.782116 0.318563 0.034556 0.053994
0.000000 0.613944 0.187178 0.034556 0.057593
0.000000 0.413520 0.422950 0.043771 0.068392
