2.000000 0.063995 0.630073 0.047678 0.069601
2.000000 0.079801 0.370356 0.023183 0.049781
2.000000 0.157371 0.375844 0.034615 0.051981
0.000000 0.073280 0.454065 0.028408 0.056829
0.000000 0.044704 0.470593 0.022202 0.061677
2.000000 0.319685 0.296943 0.060088 0.081053
2.000000 0.386970 0.322480 0.054863 0.074005
2.000000 0.487897 0.360784 0.060740 0.087221
2.000000 0.628507 0.398859 0.050616 0.076209
2.000000 0.733511 0.398613 0.060740 0.087221
2.000000 0.915373 0.515757 0.016829 0.049337
0.000000 0.909665 0.614666 0.028246 0.068281
