2.000000 0.062408 0.378861 0.053201 0.089316
2.000000 0.119324 0.351958 0.062526 0.090908
2.000000 0.268817 0.242233 0.048264 0.085130
2.000000 0.247129 0.412604 0.049086 0.095299
2.000000 0.316526 0.364669 0.053475 0.092705
2.000000 0.392981 0.360202 0.060743 0.097290
2.000000 0.434268 0.286140 0.059921 0.087121
2.000000 0.498444 0.319853 0.060469 0.093900
2.000000 0.550904 0.281683 0.063074 0.097688
2.000000 0.667059 0.285900 0.052653 0.082536
2.000000 0.717732 0.284118 0.046754 0.094900
2.000000 0.800363 0.239077 0.068284 0.105263
2.000000 0.897459 0.212184 0.063074 0.097688
2.000000 0.334022 0.274052 0.054984 0.082934
