2.000000 0.159196 0.262696 0.041890 0.053795
2.000000 0.256520 0.278629 0.042165 0.056569
2.000000 0.349717 0.315001 0.050986 0.063592
2.000000 0.077445 0.238245 0.023974 0.036976
2.000000 0.257192 0.229344 0.028385 0.040487
2.000000 0.198606 0.225960 0.019289 0.030690
2.000000 0.329024 0.268966 0.042714 0.062118
2.000000 0.703305 0.356844 0.041890 0.053795
2.000000 0.577363 0.300521 0.039823 0.053426
2.000000 0.491759 0.293734 0.039823 0.053426
0.000000 0.624309 0.325826 0.035267 0.068966
2.000000 0.740163 0.314007 0.026592 0.042893
2.000000 0.074633 0.277268 0.018870 0.046967
