0.000000 0.891553 0.159594 0.041184 0.065164
0.000000 0.820307 0.270311 0.048399 0.065807
0.000000 0.823540 0.416932 0.053660 0.076525
2.000000 0.846538 0.580809 0.050954 0.069452
0.000000 0.539078 0.186715 0.043589 0.065379
2.000000 0.575003 0.331085 0.050804 0.066022
2.000000 0.531414 0.416721 0.048399 0.065807
2.000000 0.548475 0.578347 0.053660 0.076525
2.000000 0.284078 0.083076 0.045844 0.062163
2.000000 0.203062 0.168820 0.050654 0.062592
0.000000 0.211255 0.284895 0.042988 0.051660
0.000000 0.305575 0.418975 0.046145 0.069023
2.000000 0.211031 0.593035 0.049752 0.042014
