2.000000 0.085112 0.282964 0.053632 0.083841
1.000000 0.227354 0.337112 0.044305 0.066374
2.000000 0.322959 0.253271 0.048969 0.080348
2.000000 0.343946 0.639290 0.095605 0.181656
2.000000 0.382421 0.445407 0.079282 0.122269
2.000000 0.499013 0.241044 0.027982 0.055894
2.000000 0.575964 0.406980 0.083946 0.143229
1.000000 0.629596 0.193883 0.032646 0.066374
2.000000 0.650582 0.286458 0.041973 0.069868
2.000000 0.721703 0.420953 0.053632 0.087335
2.000000 0.741524 0.263751 0.046637 0.073361
2.000000 0.833631 0.492568 0.109596 0.153709
2.000000 0.868609 0.199123 0.034978 0.055894
2.000000 0.816143 0.202616 0.037309 0.062881
2.000000 0.027982 0.571169 0.051300 0.108295
