2.000000 0.653750 0.621681 0.077500 0.146018
0.000000 0.457500 0.787611 0.140000 0.292035
2.000000 0.757500 0.515487 0.060000 0.119469
1.000000 0.682500 0.351770 0.045000 0.101770
0.000000 0.627500 0.504425 0.055000 0.088496
2.000000 0.566250 0.433628 0.052500 0.079646
2.000000 0.500000 0.413717 0.060000 0.084071
2.000000 0.422500 0.460177 0.050000 0.079646
2.000000 0.376250 0.530973 0.057500 0.106195
2.000000 0.301250 0.542035 0.067500 0.084071
0.000000 0.385000 0.345133 0.035000 0.070796
2.000000 0.468750 0.272124 0.022500 0.039823
2.000000 0.382500 0.256637 0.025000 0.044248
2.000000 0.173750 0.630531 0.092500 0.154867
2.000000 0.718750 0.378319 0.037500 0.084071
2.000000 0.582500 0.356195 0.045000 0.066372
2.000000 0.272500 0.232301 0.015000 0.030973
2.000000 0.026250 0.714602 0.052500 0.172566
2.000000 0.028750 0.462389 0.057500 0.101770
2.000000 0.031250 0.599558 0.037500 0.092920
2.000000 0.071250 0.382743 0.042500 0.101770
