2.000000 0.783750 0.400000 0.072500 0.106667
2.000000 0.745000 0.238333 0.035000 0.056667
2.000000 0.711250 0.203333 0.022500 0.040000
2.000000 0.632500 0.238333 0.035000 0.043333
2.000000 0.595000 0.171667 0.025000 0.043333
2.000000 0.657500 0.158333 0.020000 0.030000
2.000000 0.542500 0.340000 0.105000 0.166667
2.000000 0.426250 0.198333 0.022500 0.030000
2.000000 0.540000 0.163333 0.020000 0.026667
2.000000 0.386250 0.263333 0.037500 0.053333
2.000000 0.286250 0.253333 0.057500 0.086667
2.000000 0.337500 0.201667 0.015000 0.030000
2.000000 0.381250 0.193333 0.017500 0.020000
2.000000 0.245000 0.163333 0.025000 0.033333
2.000000 0.127500 0.203333 0.025000 0.026667
2.000000 0.081250 0.253333 0.022500 0.033333
2.000000 0.013750 0.256667 0.027500 0.066667
2.000000 0.167500 0.178333 0.010000 0.016667
2.000000 0.127500 0.153333 0.015000 0.020000
2.000000 0.098750 0.171667 0.012500 0.016667
2.000000 0.052500 0.210000 0.020000 0.033333
