2.000000 0.913750 0.271429 0.042500 0.085714
2.000000 0.832500 0.318367 0.050000 0.073469
2.000000 0.698750 0.236735 0.027500 0.057143
2.000000 0.643750 0.297959 0.047500 0.097959
2.000000 0.627500 0.238776 0.030000 0.061224
2.000000 0.592500 0.279592 0.040000 0.077551
2.000000 0.545000 0.477551 0.050000 0.081633
2.000000 0.565000 0.257143 0.015000 0.057143
2.000000 0.521250 0.275510 0.027500 0.061224
2.000000 0.472500 0.271429 0.030000 0.069388
2.000000 0.438750 0.277551 0.042500 0.081633
2.000000 0.386250 0.306122 0.037500 0.065306
2.000000 0.348750 0.332653 0.037500 0.077551
2.000000 0.286250 0.355102 0.052500 0.081633
2.000000 0.278750 0.218367 0.022500 0.053061
2.000000 0.230000 0.259184 0.035000 0.069388
0.000000 0.192500 0.259184 0.035000 0.061224
2.000000 0.160000 0.251020 0.020000 0.044898
2.000000 0.117500 0.240816 0.040000 0.065306
2.000000 0.061250 0.259184 0.047500 0.077551
