2.000000 0.051229 0.964726 0.075577 0.035766
2.000000 0.132324 0.891496 0.073574 0.137545
1.000000 0.178362 0.802102 0.057920 0.123609
0.000000 0.101059 0.509174 0.052539 0.096305
2.000000 0.277537 0.527976 0.052669 0.114432
2.000000 0.271603 0.242551 0.060318 0.096475
2.000000 0.089568 0.353051 0.047451 0.109787
2.000000 0.025718 0.309122 0.034357 0.091375
2.000000 0.590304 0.924836 0.076063 0.115545
2.000000 0.544266 0.837156 0.068129 0.101177
2.000000 0.520634 0.434271 0.063008 0.110127
2.000000 0.502369 0.237502 0.065504 0.096588
2.000000 0.506418 0.078772 0.060188 0.078347
2.000000 0.687759 0.233446 0.057855 0.114546
2.000000 0.668964 0.505813 0.057790 0.105482
2.000000 0.778494 0.229194 0.063073 0.119191
2.000000 0.854400 0.145946 0.060285 0.091943
2.000000 0.930908 0.327843 0.070754 0.105765
2.000000 0.967352 0.698672 0.055347 0.105523
