2.000000 0.931250 0.392500 0.097500 0.165000
2.000000 0.673750 0.260000 0.037500 0.070000
2.000000 0.580000 0.287500 0.030000 0.075000
2.000000 0.368750 0.262500 0.037500 0.075000
2.000000 0.308750 0.177500 0.042500 0.095000
2.000000 0.105000 0.265000 0.080000 0.200000
2.000000 0.286250 0.467500 0.042500 0.085000
0.000000 0.172500 0.290000 0.055000 0.090000
0.000000 0.616250 0.222500 0.022500 0.055000
2.000000 0.707500 0.217500 0.020000 0.065000
0.000000 0.795000 0.195000 0.035000 0.090000
2.000000 0.447500 0.180000 0.035000 0.070000
