2.000000 0.902298 0.545282 0.055870 0.255029
2.000000 0.688320 0.388956 0.031817 0.053955
2.000000 0.608989 0.415763 0.038245 0.069738
2.000000 0.466971 0.381040 0.034638 0.058196
2.000000 0.875621 0.358338 0.017319 0.029098
2.000000 0.572050 0.396661 0.014498 0.024857
2.000000 0.525922 0.407892 0.020140 0.033339
2.000000 0.376876 0.423578 0.021388 0.022980
2.000000 0.317557 0.451131 0.033852 0.050896
2.000000 0.122058 0.451904 0.196220 0.307252
0.000000 0.286526 0.417480 0.017712 0.032748
2.000000 0.794717 0.370544 0.013250 0.035216
