2.000000 0.085622 0.267249 0.045329 0.090453
2.000000 0.168726 0.318643 0.045329 0.086342
2.000000 0.357599 0.302197 0.050366 0.094565
2.000000 0.304715 0.238468 0.030220 0.057561
2.000000 0.373968 0.236412 0.027701 0.045227
2.000000 0.410484 0.283695 0.045329 0.065784
2.000000 0.436926 0.254914 0.017628 0.057561
2.000000 0.459591 0.478992 0.047848 0.086342
2.000000 0.483515 0.275472 0.030220 0.057561
2.000000 0.531362 0.271360 0.030220 0.065784
2.000000 0.565360 0.281639 0.042811 0.078119
2.000000 0.619503 0.308364 0.040293 0.074007
2.000000 0.658537 0.337145 0.047848 0.090453
2.000000 0.720235 0.357702 0.055403 0.098676
2.000000 0.725272 0.215855 0.030220 0.069896
2.000000 0.774379 0.263137 0.042811 0.074007
0.000000 0.815931 0.263137 0.040293 0.057561
2.000000 0.890221 0.240524 0.042811 0.069896
2.000000 0.945624 0.259026 0.047848 0.082230
2.000000 0.847410 0.256970 0.022665 0.045227
