2.000000 0.084633 0.247016 0.089497 0.151013
2.000000 0.171234 0.402626 0.142913 0.201722
2.000000 0.407869 0.372494 0.073422 0.100892
2.000000 0.441205 0.222332 0.067401 0.083197
2.000000 0.463373 0.299736 0.059727 0.109477
2.000000 0.538851 0.272141 0.117094 0.163181
2.000000 0.684275 0.268385 0.069491 0.100830
0.000000 0.652838 0.130978 0.047665 0.071152
0.000000 0.745758 0.207268 0.047686 0.074086
2.000000 0.818983 0.278001 0.071581 0.118464
2.000000 0.895829 0.444033 0.113101 0.154318
2.000000 0.893427 0.243087 0.055589 0.080077
2.000000 0.866045 0.123221 0.053582 0.074179
