2.000000 0.853466 0.071777 0.033188 0.053545
2.000000 0.771772 0.037355 0.033188 0.045895
2.000000 0.635190 0.029706 0.030635 0.053545
2.000000 0.612214 0.098549 0.030635 0.045895
2.000000 0.674761 0.178866 0.033188 0.045895
2.000000 0.840701 0.163567 0.038294 0.053545
2.000000 0.885003 0.234323 0.034993 0.057369
2.000000 0.813895 0.285955 0.035741 0.045895
2.000000 0.816448 0.358623 0.030635 0.061194
2.000000 0.753901 0.391132 0.033188 0.057369
2.000000 0.744966 0.475273 0.045953 0.065018
2.000000 0.793472 0.679890 0.045953 0.061194
2.000000 0.767943 0.808014 0.045953 0.072668
2.000000 0.663272 0.754470 0.045953 0.057369
2.000000 0.586685 0.377746 0.040847 0.053545
2.000000 0.566261 0.230498 0.030635 0.049720
2.000000 0.535626 0.700925 0.045953 0.072668
2.000000 0.470526 0.438939 0.038294 0.068843
2.000000 0.385003 0.025881 0.030635 0.045895
2.000000 0.346709 0.071777 0.030635 0.045895
2.000000 0.248422 0.060303 0.033188 0.045895
2.000000 0.275227 0.121497 0.035741 0.061194
2.000000 0.310968 0.276394 0.035741 0.057369
2.000000 0.359474 0.368184 0.035741 0.065018
2.000000 0.189704 0.674153 0.043400 0.072668
2.000000 0.134816 0.249621 0.035741 0.065018
2.000000 0.105458 0.423641 0.038294 0.061194
0.000000 -0.005350 -0.023393 -0.010700 -0.046786
2.000000 0.011244 0.368184 0.022488 0.057369
