2.000000 0.109773 0.393869 0.051957 0.068910
2.000000 0.198330 0.267602 0.037525 0.049768
2.000000 0.283754 0.397390 0.048643 0.061821
2.000000 0.374604 0.201721 0.037097 0.046507
2.000000 0.424262 0.242334 0.046612 0.064514
2.000000 0.550256 0.401394 0.061472 0.086917
2.000000 0.457556 0.177536 0.043298 0.057425
2.000000 0.521322 0.171218 0.040411 0.053597
2.000000 0.639563 0.300151 0.052385 0.072171
2.000000 0.620638 0.252445 0.040411 0.053597
0.000000 0.423723 0.180306 0.028009 0.031762
0.000000 0.594922 0.162631 0.026834 0.040977
2.000000 0.594223 0.109038 0.028437 0.035022
2.000000 0.670074 0.175523 0.036669 0.043247
0.000000 0.621802 0.087555 0.028865 0.038283
1.000000 0.694175 0.117886 0.029721 0.044805
2.000000 0.743454 0.088034 0.035066 0.049201
2.000000 0.762322 0.087039 0.016144 0.032185
0.000000 0.720898 0.089881 0.023520 0.033888
0.000000 0.873977 0.059590 0.033782 0.039418
