2.000000 0.065689 0.375022 0.093158 0.157653
2.000000 0.311722 0.248422 0.035830 0.066883
2.000000 0.401297 0.274698 0.028664 0.071660
2.000000 0.603140 0.250811 0.035830 0.071660
2.000000 0.660469 0.169596 0.040607 0.090770
2.000000 0.855146 0.253200 0.076438 0.191094
2.000000 0.681967 0.446682 0.040607 0.081215
0.000000 0.790651 0.277086 0.052551 0.085992
0.000000 0.366662 0.212592 0.021498 0.052551
2.000000 0.279475 0.207815 0.019109 0.062106
0.000000 0.195871 0.186317 0.033441 0.085992
2.000000 0.527897 0.171985 0.033441 0.066883
