2.000000 0.065418 0.068849 0.036019 0.088379
2.000000 0.214388 0.032781 0.043890 0.026898
2.000000 0.170123 0.168138 0.048284 0.097019
2.000000 0.245749 0.141420 0.052795 0.094164
2.000000 0.322066 0.160769 0.060110 0.098647
2.000000 0.373652 0.098915 0.059451 0.088129
2.000000 0.432289 0.152961 0.059890 0.095141
2.000000 0.489736 0.130813 0.062475 0.098973
2.000000 0.604089 0.171313 0.052136 0.083646
2.000000 0.654500 0.185327 0.045919 0.096693
2.000000 0.742804 0.165660 0.067644 0.106636
2.000000 0.842798 0.168820 0.062475 0.098973
2.000000 0.275745 0.062448 0.053622 0.069948
2.000000 0.878643 0.301062 0.025680 0.073052
