2.000000 0.152727 0.169876 0.055062 0.089973
1.000000 0.062634 0.304568 0.045057 0.082466
2.000000 0.353955 0.202022 0.047549 0.071234
2.000000 0.287639 0.297425 0.035041 0.059979
2.000000 0.906446 0.215983 0.042552 0.074972
1.000000 0.880148 0.285231 0.055064 0.093718
1.000000 0.520205 0.202278 0.065070 0.101224
0.000000 0.802639 0.298220 0.055062 0.089973
0.000000 0.976452 0.206728 0.042544 0.063736
0.000000 0.635171 0.251145 0.045049 0.071230
0.000000 0.395191 0.222684 0.035041 0.059979
0.000000 0.271485 0.158823 0.047546 0.067489
0.000000 0.760182 0.236357 0.035044 0.063724
