2.000000 0.928750 0.919922 0.107500 0.160156
2.000000 0.805000 0.798828 0.070000 0.113281
2.000000 0.695000 0.744141 0.130000 0.230469
2.000000 0.503750 0.617188 0.077500 0.164062
2.000000 0.677500 0.244141 0.045000 0.074219
2.000000 0.598750 0.115234 0.037500 0.058594
2.000000 0.575000 0.250000 0.035000 0.070312
2.000000 0.500000 0.142578 0.030000 0.042969
2.000000 0.406250 0.156250 0.037500 0.062500
2.000000 0.433750 0.376953 0.037500 0.066406
2.000000 0.306250 0.564453 0.102500 0.160156
2.000000 0.242500 0.195312 0.035000 0.054688
0.000000 0.151250 0.345703 0.037500 0.058594
0.000000 0.333750 0.203125 0.037500 0.062500
0.000000 0.551250 0.458984 0.047500 0.074219
