2.000000 0.056250 0.303371 0.057500 0.089888
1.000000 0.208750 0.361423 0.047500 0.071161
2.000000 0.311250 0.271536 0.052500 0.086142
2.000000 0.333750 0.685393 0.102500 0.194757
2.000000 0.375000 0.477528 0.085000 0.131086
2.000000 0.500000 0.258427 0.030000 0.059925
2.000000 0.582500 0.436330 0.090000 0.153558
1.000000 0.640000 0.207865 0.035000 0.071161
2.000000 0.662500 0.307116 0.045000 0.074906
2.000000 0.738750 0.451311 0.057500 0.093633
2.000000 0.760000 0.282772 0.050000 0.078652
2.000000 0.858750 0.528090 0.117500 0.164794
2.000000 0.896250 0.213483 0.037500 0.059925
2.000000 0.840000 0.217228 0.040000 0.067416
2.000000 0.011250 0.612360 0.022500 0.116105
