0.000000 0.840501 0.093475 0.041775 0.063946
0.000000 0.783949 0.213374 0.048815 0.064925
0.000000 0.803316 0.350720 0.054213 0.075365
2.000000 0.843687 0.499972 0.051397 0.068514
0.000000 0.503038 0.196432 0.044122 0.064273
2.000000 0.553734 0.324478 0.051162 0.065252
2.000000 0.521117 0.414686 0.048815 0.064925
2.000000 0.555504 0.563123 0.054213 0.075365
2.000000 0.245242 0.154857 0.046234 0.061337
2.000000 0.176485 0.253388 0.050927 0.061989
0.000000 0.197259 0.360883 0.043183 0.051223
0.000000 0.303221 0.466413 0.046703 0.067861
2.000000 0.231182 0.651072 0.049518 0.042415
