2.000000 0.497177 0.393117 0.036999 0.046249
2.000000 0.724953 0.448616 0.034687 0.040082
0.000000 0.811670 0.456324 0.036999 0.043166
0.000000 0.664830 0.414700 0.034687 0.040082
0.000000 0.608175 0.382325 0.032374 0.036999
0.000000 0.435897 0.386950 0.030062 0.046249
0.000000 0.339930 0.379242 0.036999 0.043166
0.000000 0.410460 0.366909 0.030062 0.036999
1.000000 0.186152 0.374617 0.039312 0.046249
1.000000 0.262463 0.374617 0.030062 0.046249
1.000000 0.232401 0.517989 0.030062 0.043166
1.000000 0.571175 0.399283 0.036999 0.046249
2.000000 0.067061 0.408533 0.018500 0.027749
0.000000 0.780452 0.425491 0.020812 0.024666
