2.000000 0.912500 0.411111 0.045000 0.128889
2.000000 0.715000 0.380000 0.040000 0.102222
2.000000 0.665000 0.440000 0.060000 0.097778
2.000000 0.601250 0.308889 0.042500 0.093333
0.000000 0.552500 0.328889 0.055000 0.106667
2.000000 0.491250 0.442222 0.077500 0.155556
0.000000 0.497500 0.242222 0.045000 0.084444
0.000000 0.417500 0.224444 0.050000 0.102222
0.000000 0.296250 0.282222 0.047500 0.093333
2.000000 0.326250 0.400000 0.047500 0.097778
2.000000 0.255000 0.380000 0.050000 0.120000
2.000000 0.107500 0.297778 0.045000 0.088889
1.000000 0.208750 0.424444 0.067500 0.120000
0.000000 0.041250 0.331111 0.062500 0.102222
0.000000 0.815000 0.300000 0.030000 0.057778
0.000000 0.182500 0.280000 0.030000 0.062222
2.000000 0.068750 0.262222 0.027500 0.053333
