2.000000 0.100585 0.776013 0.175379 0.328664
2.000000 0.272095 0.636787 0.105743 0.196286
0.000000 0.312071 0.392571 0.067057 0.109555
2.000000 0.425552 0.531797 0.087689 0.150638
0.000000 0.492608 0.367465 0.036107 0.123249
2.000000 0.566113 0.438219 0.110901 0.219110
2.000000 0.665408 0.435937 0.087689 0.187156
0.000000 0.696357 0.143791 0.046424 0.086731
2.000000 0.893659 0.221392 0.049003 0.077601
2.000000 0.949109 0.189438 0.056740 0.104990
2.000000 0.764704 0.326382 0.049003 0.086731
2.000000 0.808548 0.433654 0.074794 0.146073
2.000000 0.978423 0.454196 0.043153 0.141508
2.000000 0.778889 0.926807 0.139271 0.146386
2.000000 0.457791 0.107272 0.033528 0.059342
0.000000 0.616405 0.141508 0.030949 0.073037
0.000000 0.803390 0.052495 0.033528 0.050213
