2.000000 0.233750 0.767699 0.112500 0.207965
2.000000 0.416250 0.121681 0.042500 0.092920
0.000000 0.621250 0.112832 0.062500 0.101770
2.000000 0.518750 0.367257 0.052500 0.106195
0.000000 0.168750 0.053097 0.017500 0.035398
0.000000 0.221250 0.066372 0.017500 0.035398
0.000000 0.310000 0.037611 0.020000 0.030973
2.000000 0.703750 0.174779 0.027500 0.039823
2.000000 0.568750 0.053097 0.022500 0.044248
0.000000 0.476250 0.035398 0.017500 0.044248
0.000000 0.503750 0.008850 0.012500 0.017699
2.000000 0.258750 0.103982 0.022500 0.048673
2.000000 0.256250 0.170354 0.037500 0.101770
