2.000000 0.044631 0.572563 0.069962 0.102933
2.000000 0.082025 0.416556 0.033775 0.054683
2.000000 0.114593 0.382781 0.021712 0.038600
2.000000 0.190586 0.416556 0.033775 0.041816
2.000000 0.226774 0.352223 0.024125 0.041816
2.000000 0.166462 0.339356 0.019300 0.028950
2.000000 0.277436 0.514664 0.101324 0.160832
2.000000 0.389616 0.377956 0.021712 0.028950
2.000000 0.279848 0.344181 0.019300 0.025733
2.000000 0.428216 0.440681 0.036187 0.051466
2.000000 0.524716 0.431031 0.055487 0.083633
2.000000 0.475260 0.381173 0.014475 0.028950
2.000000 0.433041 0.373131 0.016887 0.019300
2.000000 0.564522 0.344181 0.024125 0.032166
2.000000 0.677909 0.382781 0.024125 0.025733
2.000000 0.722539 0.431031 0.021712 0.032166
2.000000 0.797327 0.434247 0.045837 0.064333
2.000000 0.861257 0.389214 0.019300 0.032166
2.000000 0.955344 0.451939 0.019300 0.061116
2.000000 0.639309 0.358656 0.009650 0.016083
2.000000 0.677909 0.334531 0.014475 0.019300
2.000000 0.705652 0.352223 0.012062 0.016083
2.000000 0.750283 0.389214 0.019300 0.032166
2.000000 0.928807 0.379564 0.019300 0.032166
2.000000 0.950519 0.360265 0.009650 0.019300
