2.000000 0.074488 0.213156 0.036171 0.062277
2.000000 0.191751 0.119937 0.067199 0.119838
2.000000 0.297866 0.325508 0.026851 0.064009
1.000000 0.406186 0.349744 0.030706 0.053841
2.000000 0.452822 0.207871 0.038104 0.084602
2.000000 0.556398 0.244384 0.030228 0.075668
2.000000 0.541040 0.294238 0.031350 0.061282
2.000000 0.687048 0.322460 0.038904 0.066495
2.000000 0.733412 0.339598 0.036493 0.065998
2.000000 0.791580 0.404618 0.020096 0.040689
2.000000 0.841249 0.369415 0.041315 0.066992
2.000000 0.910432 0.406408 0.033438 0.058059
2.000000 0.934259 0.415230 0.009416 0.060785
