2.000000 0.071561 0.060958 0.046108 0.083175
2.000000 0.132168 0.111531 0.059643 0.106321
0.000000 0.146181 0.264764 0.056847 0.097213
2.000000 0.081328 0.760877 0.084006 0.147984
2.000000 0.319705 0.040286 0.063696 0.046699
2.000000 0.328993 0.299982 0.062527 0.119906
1.000000 0.211087 0.562153 0.062880 0.137817
2.000000 0.164758 0.651379 0.078680 0.143203
2.000000 0.426268 0.816667 0.072470 0.093639
2.000000 0.556594 0.058455 0.071728 0.056109
2.000000 0.566387 0.226278 0.067675 0.115730
2.000000 0.576799 0.628112 0.062173 0.101994
2.000000 0.628577 0.727489 0.081122 0.134398
2.000000 0.738627 0.066730 0.063784 0.051177
2.000000 0.712742 0.315428 0.059820 0.115276
2.000000 0.830144 0.078741 0.074524 0.065216
2.000000 0.964248 0.151121 0.037106 0.105987
2.000000 0.977553 0.523772 0.010496 0.112976
