2.000000 0.080258 0.434160 0.041276 0.118222
2.000000 0.261413 0.405624 0.036690 0.093762
2.000000 0.307275 0.460658 0.055034 0.089686
2.000000 0.365749 0.340398 0.038983 0.085609
0.000000 0.410465 0.358743 0.050448 0.097839
2.000000 0.466646 0.462696 0.071086 0.142682
0.000000 0.460913 0.279249 0.041276 0.077456
0.000000 0.534292 0.262942 0.045862 0.093762
0.000000 0.645507 0.315938 0.043569 0.085609
2.000000 0.617990 0.423969 0.043569 0.089686
2.000000 0.683344 0.405624 0.045862 0.110069
2.000000 0.818636 0.330206 0.041276 0.081532
1.000000 0.725766 0.446390 0.061914 0.110069
0.000000 0.879403 0.360781 0.057327 0.093762
0.000000 0.169689 0.332245 0.027517 0.052996
0.000000 0.749843 0.313900 0.027517 0.057073
2.000000 0.854179 0.297593 0.025224 0.048919
