1.000000 0.135530 0.228570 0.115418 0.171990
0.000000 0.264071 0.131950 0.065865 0.081633
2.000000 0.375461 0.223768 0.046836 0.083247
2.000000 0.424817 0.354607 0.082167 0.124292
2.000000 0.257792 0.710209 0.211977 0.297653
2.000000 0.551924 0.679465 0.199984 0.296511
2.000000 0.620390 0.423338 0.100390 0.156857
2.000000 0.510348 0.276354 0.071936 0.109616
0.000000 0.831035 0.296521 0.084566 0.124520
2.000000 0.930143 0.217454 0.062792 0.111443
2.000000 0.935115 0.352783 0.052848 0.138055
2.000000 0.776965 0.579937 0.115737 0.178872
