2.000000 0.792500 0.728464 0.100000 0.153558
0.000000 0.836250 0.526217 0.077500 0.116105
0.000000 0.448750 0.559925 0.077500 0.116105
2.000000 0.523750 0.698502 0.102500 0.146067
2.000000 0.960000 0.548689 0.060000 0.086142
2.000000 0.188750 0.631086 0.082500 0.153558
2.000000 0.077500 0.509363 0.055000 0.089888
2.000000 0.267500 0.586142 0.045000 0.101124
2.000000 0.353750 0.533708 0.052500 0.078652
2.000000 0.393750 0.492509 0.057500 0.108614
2.000000 0.520000 0.488764 0.060000 0.093633
2.000000 0.570000 0.488764 0.040000 0.071161
2.000000 0.615000 0.395131 0.030000 0.056180
2.000000 0.728750 0.359551 0.042500 0.052434
0.000000 0.300000 0.494382 0.040000 0.074906
2.000000 0.122500 0.413858 0.035000 0.056180
2.000000 0.375000 0.389513 0.045000 0.067416
0.000000 0.473750 0.340824 0.032500 0.052434
2.000000 0.517500 0.318352 0.015000 0.037453
2.000000 0.643750 0.312734 0.017500 0.033708
2.000000 0.426250 0.337079 0.022500 0.037453
2.000000 0.255000 0.299625 0.020000 0.029963
2.000000 0.687500 0.372659 0.035000 0.048689
2.000000 0.580000 0.428839 0.030000 0.056180
2.000000 0.916250 0.316479 0.022500 0.041199
2.000000 0.961250 0.307116 0.022500 0.044944
2.000000 0.783750 0.350187 0.017500 0.033708
2.000000 0.940000 0.303371 0.020000 0.037453
