2.000000 0.130000 0.210821 0.040000 0.070896
2.000000 0.247500 0.223881 0.050000 0.074627
2.000000 0.340000 0.244403 0.040000 0.055970
2.000000 0.433750 0.126866 0.057500 0.097015
2.000000 0.488750 0.173507 0.032500 0.048507
2.000000 0.562500 0.182836 0.050000 0.074627
2.000000 0.632500 0.373134 0.045000 0.074627
2.000000 0.687500 0.156716 0.050000 0.074627
2.000000 0.771250 0.214552 0.047500 0.078358
2.000000 0.838750 0.233209 0.032500 0.055970
2.000000 0.881250 0.235075 0.042500 0.059701
2.000000 0.905000 0.184701 0.025000 0.041045
2.000000 0.975000 0.160448 0.050000 0.082090
