2.000000 0.071250 0.919922 0.107500 0.160156
2.000000 0.195000 0.798828 0.070000 0.113281
2.000000 0.305000 0.744141 0.130000 0.230469
2.000000 0.496250 0.617188 0.077500 0.164062
2.000000 0.322500 0.244141 0.045000 0.074219
2.000000 0.401250 0.115234 0.037500 0.058594
2.000000 0.425000 0.250000 0.035000 0.070312
2.000000 0.500000 0.142578 0.030000 0.042969
2.000000 0.593750 0.156250 0.037500 0.062500
2.000000 0.566250 0.376953 0.037500 0.066406
2.000000 0.693750 0.564453 0.102500 0.160156
2.000000 0.757500 0.195312 0.035000 0.054688
0.000000 0.848750 0.345703 0.037500 0.058594
0.000000 0.666250 0.203125 0.037500 0.062500
0.000000 0.448750 0.458984 0.047500 0.074219
