2.000000 0.023750 0.492509 0.042500 0.078652
2.000000 0.090000 0.455056 0.045000 0.071161
2.000000 0.193750 0.455056 0.047500 0.071161
2.000000 0.288750 0.428839 0.042500 0.063670
2.000000 0.350000 0.449438 0.045000 0.082397
2.000000 0.485000 0.468165 0.045000 0.074906
2.000000 0.506250 0.428839 0.027500 0.086142
2.000000 0.615000 0.440075 0.025000 0.048689
2.000000 0.693750 0.331461 0.052500 0.093633
2.000000 0.872500 0.355805 0.060000 0.089888
2.000000 0.993750 0.380150 0.017500 0.071161
2.000000 0.928750 0.376404 0.047500 0.078652
0.000000 0.640000 0.447566 0.035000 0.071161
0.000000 0.406250 0.494382 0.042500 0.074906
0.000000 0.261250 0.471910 0.047500 0.082397
