0.000000 0.145355 0.202863 0.060213 0.088542
2.000000 0.256514 0.190020 0.039284 0.057031
2.000000 0.286601 0.197245 0.029827 0.041469
2.000000 0.343552 0.192515 0.032680 0.050262
2.000000 0.223994 0.330808 0.061949 0.086129
2.000000 0.296078 0.431790 0.090319 0.132813
2.000000 0.382736 0.211488 0.023503 0.037503
2.000000 0.399366 0.240392 0.030106 0.044271
2.000000 0.449723 0.291500 0.045828 0.083022
2.000000 0.507981 0.242763 0.031503 0.058279
2.000000 0.593094 0.419070 0.080304 0.111648
2.000000 0.729342 0.746834 0.148577 0.170849
2.000000 0.682575 0.324952 0.052771 0.073369
