2.000000 0.107519 0.200179 0.057510 0.074644
2.000000 0.154059 0.241600 0.034727 0.049928
2.000000 0.297155 0.230555 0.037713 0.056231
2.000000 0.355262 0.244565 0.053770 0.079499
2.000000 0.388899 0.260779 0.029871 0.046052
2.000000 0.429834 0.300992 0.039211 0.050894
2.000000 0.495040 0.313540 0.038839 0.047984
2.000000 0.580630 0.364866 0.054524 0.068341
2.000000 0.634395 0.295710 0.047054 0.061073
2.000000 0.720911 0.330788 0.034727 0.049928
2.000000 0.754914 0.335121 0.045184 0.063500
2.000000 0.814746 0.425752 0.049668 0.064466
2.000000 0.887044 0.392222 0.044094 0.072230
2.000000 0.457292 0.293450 0.021657 0.032964
