2.000000 0.043012 0.551793 0.067424 0.099199
2.000000 0.079049 0.401445 0.032550 0.052699
2.000000 0.110436 0.368895 0.020925 0.037200
2.000000 0.183673 0.401445 0.032550 0.040300
2.000000 0.218547 0.339446 0.023250 0.040300
2.000000 0.160423 0.327046 0.018600 0.027900
2.000000 0.267372 0.495994 0.097649 0.154998
2.000000 0.375483 0.364246 0.020925 0.027900
2.000000 0.269697 0.331696 0.018600 0.024800
2.000000 0.412682 0.424695 0.034875 0.049599
2.000000 0.505681 0.415395 0.053474 0.080599
2.000000 0.458019 0.367346 0.013950 0.027900
2.000000 0.417332 0.359596 0.016275 0.018600
2.000000 0.544043 0.331696 0.023250 0.031000
2.000000 0.653317 0.368895 0.023250 0.024800
2.000000 0.696329 0.415395 0.020925 0.031000
2.000000 0.768403 0.418495 0.044174 0.061999
2.000000 0.830015 0.375095 0.018600 0.031000
2.000000 0.920689 0.435545 0.018600 0.058899
2.000000 0.616117 0.345646 0.009300 0.015500
2.000000 0.653317 0.322396 0.013950 0.018600
2.000000 0.680054 0.339446 0.011625 0.015500
2.000000 0.723066 0.375095 0.018600 0.031000
2.000000 0.895114 0.365796 0.018600 0.031000
2.000000 0.916039 0.347196 0.009300 0.018600
