2.000000 0.880513 0.403716 0.061292 0.085005
2.000000 0.775656 0.411126 0.048763 0.064129
2.000000 0.679425 0.274989 0.071298 0.109379
2.000000 0.614577 0.315157 0.039840 0.055253
2.000000 0.531485 0.313761 0.061292 0.085005
2.000000 0.439447 0.500844 0.055704 0.084253
2.000000 0.393696 0.267855 0.061292 0.085005
2.000000 0.295908 0.315325 0.058769 0.088504
2.000000 0.219124 0.324555 0.040381 0.063002
2.000000 0.171495 0.320106 0.051827 0.068379
2.000000 0.148612 0.264230 0.030917 0.046377
2.000000 0.072148 0.228527 0.061834 0.092754
