2.000000 0.153119 0.472663 0.049105 0.096829
2.000000 0.147402 0.311357 0.064574 0.059713
2.000000 0.370248 0.621802 0.051780 0.124738
2.000000 0.312539 0.512594 0.035046 0.106304
2.000000 0.403745 0.296236 0.021292 0.039533
1.000000 0.051100 0.303783 0.027497 0.043408
0.000000 0.249785 0.271591 0.021450 0.046477
0.000000 0.449610 0.244541 0.017365 0.046208
0.000000 0.309147 0.408507 0.031740 0.050620
2.000000 0.565484 0.348184 0.023176 0.032724
0.000000 0.600716 0.368468 0.031898 0.057564
0.000000 0.606973 0.463675 0.024282 0.081330
0.000000 0.626086 0.359845 0.025455 0.043274
