2.000000 0.268398 0.409541 0.047449 0.062931
2.000000 0.349165 0.294210 0.034269 0.045450
2.000000 0.427203 0.412599 0.044421 0.056459
2.000000 0.510028 0.233918 0.033877 0.042474
2.000000 0.555374 0.270944 0.042569 0.058915
2.000000 0.670458 0.416015 0.056142 0.079372
2.000000 0.585731 0.211769 0.039541 0.052443
2.000000 0.643931 0.205945 0.036905 0.048947
2.000000 0.751923 0.323524 0.047842 0.065907
2.000000 0.734625 0.279997 0.036905 0.048947
0.000000 0.554851 0.214327 0.025576 0.029010
0.000000 0.711106 0.198040 0.024509 0.037418
2.000000 0.710441 0.149124 0.025969 0.031986
2.000000 0.779709 0.209740 0.033485 0.039498
0.000000 0.735603 0.129490 0.026361 0.034962
1.000000 0.801678 0.157110 0.027145 0.040914
2.000000 0.846643 0.129818 0.032025 0.044930
2.000000 0.863864 0.128893 0.014749 0.029385
0.000000 0.826056 0.131524 0.021481 0.030946
