2.000000 0.073017 0.394987 0.037552 0.107555
2.000000 0.237827 0.369025 0.033379 0.085302
2.000000 0.279551 0.419094 0.050069 0.081594
2.000000 0.332749 0.309685 0.035465 0.077885
0.000000 0.373429 0.326374 0.045896 0.089011
2.000000 0.424541 0.420948 0.064672 0.129808
0.000000 0.419326 0.254053 0.037552 0.070467
0.000000 0.486084 0.239217 0.041724 0.085302
0.000000 0.587265 0.287432 0.039638 0.077885
2.000000 0.562230 0.385715 0.039638 0.081594
2.000000 0.621687 0.369025 0.041724 0.100138
2.000000 0.744773 0.300413 0.037552 0.074176
1.000000 0.660282 0.406113 0.056327 0.100138
0.000000 0.800057 0.328228 0.052155 0.085302
0.000000 0.154379 0.302267 0.025034 0.048214
0.000000 0.682187 0.285577 0.025034 0.051923
2.000000 0.777109 0.270742 0.022948 0.044506
