2.000000 0.967860 0.206489 0.034723 0.078402
2.000000 0.913459 0.247967 0.055866 0.100216
0.000000 0.894938 0.391141 0.053256 0.091618
2.000000 0.938382 0.866061 0.078690 0.139481
2.000000 0.740364 0.141508 0.060494 0.083530
2.000000 0.722195 0.405518 0.058550 0.113050
1.000000 0.823615 0.665118 0.058846 0.129991
2.000000 0.863950 0.754109 0.073692 0.134991
2.000000 0.612443 0.896222 0.068694 0.114336
2.000000 0.517558 0.129978 0.068176 0.100853
2.000000 0.502064 0.311462 0.063400 0.109069
2.000000 0.478203 0.689636 0.058254 0.096108
2.000000 0.426141 0.778085 0.076006 0.126648
2.000000 0.346491 0.119006 0.060716 0.096236
2.000000 0.361632 0.380501 0.056014 0.108687
2.000000 0.260323 0.114547 0.071008 0.122158
2.000000 0.186418 0.042896 0.052738 0.061971
2.000000 0.114707 0.198155 0.068176 0.100853
2.000000 0.072862 0.547844 0.075710 0.109706
