2.000000 0.746523 0.734542 0.133706 0.209869
2.000000 0.895549 0.623883 0.147633 0.217501
2.000000 0.923405 0.288093 0.075209 0.095395
2.000000 0.766022 0.406383 0.089137 0.125921
2.000000 0.704740 0.221316 0.050140 0.083948
2.000000 0.628138 0.503686 0.080780 0.122106
2.000000 0.410866 0.509409 0.080780 0.133553
2.000000 0.568249 0.406383 0.066853 0.087763
2.000000 0.281339 0.469343 0.066853 0.083948
2.000000 0.132313 0.587633 0.080780 0.129737
2.000000 0.058496 0.425462 0.061282 0.087763
2.000000 0.268804 0.249935 0.064067 0.080132
2.000000 0.399724 0.190790 0.058496 0.083948
2.000000 0.534823 0.244211 0.033426 0.061053
2.000000 0.594712 0.286185 0.036212 0.068684
2.000000 0.160168 0.194606 0.064067 0.083948
