2.000000 0.193458 0.194721 0.043000 0.065080
2.000000 0.298409 0.227911 0.052399 0.070025
2.000000 0.380041 0.262328 0.041559 0.053000
2.000000 0.476128 0.185247 0.061339 0.089589
2.000000 0.521343 0.233585 0.034059 0.045517
2.000000 0.587107 0.255332 0.052399 0.070025
2.000000 0.632015 0.422828 0.047879 0.069063
2.000000 0.702618 0.258256 0.052399 0.070025
2.000000 0.772740 0.321189 0.050499 0.072564
2.000000 0.831954 0.349284 0.034780 0.051557
2.000000 0.870191 0.358975 0.044179 0.056502
2.000000 0.896521 0.322778 0.026560 0.038033
