2.000000 0.242500 0.511236 0.070000 0.086142
2.000000 0.371250 0.458801 0.057500 0.093633
2.000000 0.506250 0.720974 0.072500 0.101124
2.000000 0.436250 0.436330 0.047500 0.071161
2.000000 0.481250 0.314607 0.042500 0.067416
1.000000 0.392500 0.264045 0.035000 0.056180
2.000000 0.285000 0.337079 0.035000 0.067416
2.000000 0.273750 0.258427 0.022500 0.044944
2.000000 0.333750 0.217228 0.022500 0.037453
2.000000 0.595000 0.370787 0.065000 0.089888
2.000000 0.655000 0.290262 0.040000 0.071161
2.000000 0.891250 0.361423 0.082500 0.108614
2.000000 0.748750 0.254682 0.022500 0.067416
2.000000 0.682500 0.157303 0.035000 0.059925
2.000000 0.587500 0.127341 0.030000 0.044944
2.000000 0.436250 0.155431 0.022500 0.048689
2.000000 0.217500 0.235955 0.020000 0.059925
2.000000 0.197500 0.179775 0.020000 0.044944
2.000000 0.275000 0.146067 0.030000 0.052434
2.000000 0.350000 0.110487 0.020000 0.033708
