2.000000 0.074646 0.779780 0.132704 0.336217
0.000000 0.469995 0.072915 0.044235 0.072915
2.000000 0.356643 0.066838 0.066352 0.076965
2.000000 0.060823 0.026330 0.060823 0.044559
2.000000 0.286144 0.194439 0.058058 0.089118
2.000000 0.384290 0.206591 0.077411 0.113423
0.000000 0.652464 0.232921 0.044235 0.076965
0.000000 0.610993 0.293684 0.066352 0.093169
2.000000 0.761668 0.162032 0.063588 0.105321
2.000000 0.915108 0.218744 0.049764 0.089118
2.000000 0.861197 0.532681 0.091234 0.117473
2.000000 0.550171 0.463817 0.077411 0.125575
