2.000000 0.935000 0.716418 0.045000 0.074627
2.000000 0.947500 0.404851 0.020000 0.055970
2.000000 0.863750 0.393657 0.032500 0.055970
0.000000 0.945000 0.505597 0.025000 0.063433
0.000000 0.976250 0.531716 0.022500 0.070896
2.000000 0.698750 0.263060 0.057500 0.085821
2.000000 0.623750 0.277985 0.052500 0.078358
2.000000 0.511250 0.300373 0.057500 0.093284
2.000000 0.356250 0.313433 0.047500 0.082090
2.000000 0.243750 0.289179 0.057500 0.093284
2.000000 0.025000 0.384328 0.035000 0.052239
0.000000 0.023750 0.503731 0.037500 0.074627
