2.000000 0.050813 0.634387 0.090929 0.131498
2.000000 0.093603 0.458464 0.042790 0.063972
2.000000 0.132382 0.421147 0.029418 0.046202
2.000000 0.184532 0.374946 0.026744 0.031986
2.000000 0.025407 0.387385 0.024069 0.028432
2.000000 0.212613 0.460241 0.040116 0.046202
2.000000 0.252728 0.387385 0.029418 0.042648
2.000000 0.307553 0.566861 0.123021 0.174145
2.000000 0.312902 0.380277 0.026744 0.028432
2.000000 0.405168 0.394493 0.018721 0.021324
2.000000 0.429237 0.419371 0.029418 0.035540
2.000000 0.474702 0.486896 0.045464 0.063972
2.000000 0.581677 0.476234 0.066859 0.092404
2.000000 0.544235 0.430032 0.024069 0.049756
2.000000 0.477376 0.410486 0.018721 0.024878
2.000000 0.627141 0.378500 0.029418 0.031986
2.000000 0.751500 0.422924 0.026744 0.028432
2.000000 0.750162 0.371392 0.018721 0.024878
2.000000 0.799638 0.472680 0.026744 0.035540
2.000000 0.779580 0.389162 0.018721 0.017770
2.000000 0.831731 0.428255 0.021395 0.031986
2.000000 0.883881 0.478011 0.050813 0.067526
2.000000 0.954752 0.430032 0.026744 0.035540
0.000000 0.583014 0.376723 0.016046 0.021324
