2.000000 0.945000 0.133333 0.070000 0.133333
2.000000 0.826250 0.153333 0.082500 0.137778
2.000000 0.808750 0.417778 0.087500 0.151111
2.000000 0.893750 0.757778 0.077500 0.137778
2.000000 0.682500 0.464444 0.085000 0.164444
2.000000 0.701250 0.815556 0.077500 0.120000
2.000000 0.481250 0.617778 0.087500 0.177778
2.000000 0.467500 0.904444 0.080000 0.164444
2.000000 0.398750 0.571111 0.077500 0.146667
2.000000 0.263750 0.780000 0.077500 0.164444
2.000000 0.152500 0.322222 0.080000 0.155556
2.000000 0.028750 0.184444 0.057500 0.120000
2.000000 0.032500 0.426667 0.065000 0.151111
2.000000 0.161250 0.626667 0.077500 0.160000
2.000000 0.053750 0.713333 0.092500 0.164444
2.000000 0.183750 0.924444 0.087500 0.151111
