2.000000 0.456854 0.361233 0.033998 0.042498
2.000000 0.666157 0.412231 0.031874 0.036832
0.000000 0.745841 0.419314 0.033998 0.039665
0.000000 0.610909 0.381066 0.031874 0.036832
0.000000 0.558849 0.351317 0.029749 0.033998
0.000000 0.400544 0.355567 0.027624 0.042498
0.000000 0.312361 0.348484 0.033998 0.039665
0.000000 0.377170 0.337151 0.027624 0.033998
1.000000 0.171055 0.344234 0.036123 0.042498
1.000000 0.241176 0.344234 0.027624 0.042498
1.000000 0.213553 0.475978 0.027624 0.039665
1.000000 0.524851 0.366900 0.033998 0.042498
2.000000 0.061622 0.375399 0.016999 0.025499
0.000000 0.717155 0.390982 0.019124 0.022666
