2.000000 0.976250 0.492509 0.042500 0.078652
2.000000 0.910000 0.455056 0.045000 0.071161
2.000000 0.806250 0.455056 0.047500 0.071161
2.000000 0.711250 0.428839 0.042500 0.063670
2.000000 0.650000 0.449438 0.045000 0.082397
2.000000 0.515000 0.468165 0.045000 0.074906
2.000000 0.493750 0.428839 0.027500 0.086142
2.000000 0.385000 0.440075 0.025000 0.048689
2.000000 0.306250 0.331461 0.052500 0.093633
2.000000 0.127500 0.355805 0.060000 0.089888
2.000000 0.006250 0.380150 0.017500 0.071161
2.000000 0.071250 0.376404 0.047500 0.078652
0.000000 0.360000 0.447566 0.035000 0.071161
0.000000 0.593750 0.494382 0.042500 0.074906
0.000000 0.738750 0.471910 0.047500 0.082397
