2.000000 0.094027 0.387429 0.052046 0.096349
2.000000 0.175675 0.431289 0.046721 0.083954
2.000000 0.352577 0.388611 0.057199 0.104801
2.000000 0.403299 0.360829 0.043971 0.075786
2.000000 0.458131 0.564384 0.054277 0.092690
2.000000 0.519346 0.335242 0.031954 0.074367
2.000000 0.553427 0.341126 0.046894 0.087897
2.000000 0.603994 0.364878 0.043971 0.075786
2.000000 0.641429 0.392161 0.044317 0.083670
2.000000 0.702379 0.404781 0.059430 0.101142
2.000000 0.749643 0.298150 0.036588 0.070992
0.000000 0.789299 0.293469 0.038646 0.063391
2.000000 0.860624 0.267217 0.044317 0.083670
2.000000 0.915565 0.280546 0.051874 0.092406
2.000000 0.299338 0.331491 0.036588 0.070992
2.000000 0.471710 0.350772 0.036242 0.063107
2.000000 0.365432 0.323689 0.038646 0.063391
2.000000 0.819255 0.287952 0.026110 0.050146
