2.000000 0.915000 0.317778 0.050000 0.102222
2.000000 0.832500 0.377778 0.045000 0.088889
2.000000 0.647500 0.353333 0.055000 0.111111
2.000000 0.593750 0.328889 0.042500 0.080000
2.000000 0.546250 0.564444 0.052500 0.097778
2.000000 0.472500 0.315556 0.030000 0.080000
2.000000 0.437500 0.326667 0.045000 0.093333
2.000000 0.386250 0.360000 0.042500 0.080000
2.000000 0.348750 0.395556 0.042500 0.088889
2.000000 0.286250 0.417778 0.057500 0.106667
2.000000 0.232500 0.304444 0.035000 0.075556
0.000000 0.191250 0.304444 0.037500 0.066667
2.000000 0.116250 0.284444 0.042500 0.088889
2.000000 0.060000 0.306667 0.050000 0.097778
2.000000 0.700000 0.282222 0.035000 0.075556
2.000000 0.522500 0.326667 0.035000 0.066667
2.000000 0.631250 0.282222 0.037500 0.066667
2.000000 0.160000 0.302222 0.025000 0.053333
