2.000000 0.720520 0.721149 0.055056 0.076345
2.000000 0.606003 0.721149 0.050652 0.076345
2.000000 0.508003 0.746108 0.048450 0.073409
2.000000 0.354946 0.785749 0.059461 0.076345
2.000000 0.099484 0.668295 0.055056 0.064600
2.000000 0.214001 0.572864 0.050652 0.067536
2.000000 0.051034 0.439260 0.041843 0.052854
2.000000 0.165552 0.436324 0.033034 0.046981
2.000000 0.320811 0.590482 0.048450 0.061663
2.000000 0.439733 0.561119 0.048450 0.061663
2.000000 0.600497 0.511201 0.026427 0.067536
2.000000 0.633531 0.497987 0.048450 0.070472
2.000000 0.692992 0.495051 0.044045 0.064600
2.000000 0.787689 0.471560 0.022023 0.064600
2.000000 0.781082 0.337957 0.035236 0.038172
2.000000 0.684183 0.336488 0.039641 0.052854
2.000000 0.567464 0.370256 0.035236 0.049918
2.000000 0.496991 0.362916 0.039641 0.052854
2.000000 0.385777 0.415770 0.046247 0.052854
2.000000 0.296586 0.427515 0.044045 0.052854
2.000000 0.081866 0.271889 0.024225 0.052854
2.000000 0.162248 0.261612 0.035236 0.055791
2.000000 0.226114 0.260144 0.039641 0.041109
2.000000 0.325215 0.213162 0.035236 0.052854
2.000000 0.373665 0.219035 0.030832 0.052854
2.000000 0.470564 0.180862 0.030832 0.052854
2.000000 0.542138 0.195544 0.028629 0.046981
2.000000 0.641239 0.172053 0.028629 0.046981
2.000000 0.723824 0.170585 0.035236 0.055791
2.000000 0.782184 0.161776 0.033034 0.049918
2.000000 0.783285 0.078090 0.026427 0.041109
2.000000 0.696296 0.083963 0.019820 0.041109
2.000000 0.617014 0.116263 0.028629 0.046981
2.000000 0.505800 0.120667 0.026427 0.049918
2.000000 0.372564 0.097177 0.024225 0.049918
2.000000 0.294384 0.125072 0.030832 0.052854
2.000000 0.186473 0.151499 0.030832 0.052854
2.000000 0.104990 0.132413 0.035236 0.055791
2.000000 0.010652 0.161776 0.021304 0.049918
2.000000 0.080765 0.045791 0.026427 0.041109
2.000000 0.146832 0.053131 0.030832 0.044045
2.000000 0.233822 0.047259 0.028629 0.049918
2.000000 0.272361 0.014086 0.022023 0.028172
2.000000 0.346137 0.042854 0.028629 0.041109
2.000000 0.405598 0.045791 0.028629 0.035236
2.000000 0.465059 0.034045 0.028629 0.041109
2.000000 0.542138 0.019959 0.033034 0.039918
2.000000 0.644543 0.038450 0.022023 0.032300
2.000000 0.701801 0.017023 0.022023 0.034045
