0.000000 0.115644 0.379678 0.068957 0.100446
2.000000 0.233738 0.316662 0.044982 0.064707
2.000000 0.268169 0.311165 0.034137 0.047074
2.000000 0.329099 0.280879 0.037446 0.056994
2.000000 0.230787 0.483111 0.070899 0.097768
2.000000 0.332575 0.560318 0.103435 0.150670
2.000000 0.376147 0.284049 0.026943 0.042510
2.000000 0.400922 0.307917 0.034478 0.050223
2.000000 0.467548 0.340858 0.052627 0.093997
2.000000 0.519754 0.262459 0.036188 0.065971
2.000000 0.653099 0.415268 0.091906 0.126737
2.000000 0.859704 0.716435 0.128167 0.210442
2.000000 0.728844 0.274047 0.060395 0.083284
