2.000000 0.134025 0.930857 0.076586 0.138287
1.000000 0.183259 0.839929 0.060175 0.130709
0.000000 0.103938 0.525258 0.054704 0.101663
2.000000 0.289933 0.549463 0.054704 0.121027
2.000000 0.285830 0.244475 0.062910 0.101663
2.000000 0.092997 0.358240 0.049234 0.116186
2.000000 0.025985 0.309830 0.035558 0.096822
2.000000 0.616791 0.959903 0.079321 0.080194
2.000000 0.568924 0.885919 0.071116 0.106504
2.000000 0.547043 0.455062 0.065645 0.116186
2.000000 0.529264 0.244475 0.068380 0.101663
2.000000 0.534734 0.075037 0.062910 0.082298
2.000000 0.724832 0.244475 0.060175 0.121027
2.000000 0.702950 0.534940 0.060175 0.111345
2.000000 0.820564 0.242054 0.065645 0.125868
2.000000 0.901253 0.154915 0.062910 0.096822
2.000000 0.971824 0.350979 0.056351 0.111345
