2.000000 0.834154 0.203430 0.047796 0.084595
2.000000 0.756770 0.255798 0.038692 0.076538
2.000000 0.637280 0.169189 0.027312 0.056396
2.000000 0.589484 0.237671 0.050072 0.096680
2.000000 0.575828 0.169189 0.031864 0.056396
2.000000 0.539412 0.215515 0.036416 0.076538
2.000000 0.500720 0.429016 0.050072 0.084595
2.000000 0.475684 0.209473 0.027312 0.056396
2.000000 0.427888 0.203430 0.027312 0.068481
2.000000 0.397162 0.213501 0.038692 0.080566
2.000000 0.351642 0.241699 0.034140 0.064453
2.000000 0.315226 0.277954 0.043244 0.080566
2.000000 0.261740 0.294067 0.050072 0.088623
2.000000 0.213944 0.193359 0.036416 0.072510
0.000000 0.174114 0.195374 0.034140 0.052368
2.000000 0.105834 0.173218 0.038692 0.080566
2.000000 0.053486 0.195374 0.038692 0.084595
2.000000 0.144526 0.193359 0.020484 0.048340
