2.000000 0.952500 0.593023 0.085000 0.122924
2.000000 0.912500 0.428571 0.040000 0.059801
2.000000 0.876250 0.393688 0.027500 0.043189
2.000000 0.827500 0.350498 0.025000 0.029900
2.000000 0.976250 0.362126 0.022500 0.026578
2.000000 0.801250 0.430233 0.037500 0.043189
2.000000 0.763750 0.362126 0.027500 0.039867
2.000000 0.712500 0.529900 0.115000 0.162791
2.000000 0.707500 0.355482 0.025000 0.026578
2.000000 0.621250 0.368771 0.017500 0.019934
2.000000 0.598750 0.392027 0.027500 0.033223
2.000000 0.556250 0.455150 0.042500 0.059801
2.000000 0.456250 0.445183 0.062500 0.086379
2.000000 0.491250 0.401993 0.022500 0.046512
2.000000 0.553750 0.383721 0.017500 0.023256
2.000000 0.413750 0.353821 0.027500 0.029900
2.000000 0.297500 0.395349 0.025000 0.026578
2.000000 0.298750 0.347176 0.017500 0.023256
2.000000 0.252500 0.441860 0.025000 0.033223
2.000000 0.271250 0.363787 0.017500 0.016611
2.000000 0.222500 0.400332 0.020000 0.029900
2.000000 0.173750 0.446844 0.047500 0.063123
2.000000 0.107500 0.401993 0.025000 0.033223
2.000000 0.011250 0.461794 0.022500 0.066445
2.000000 0.037500 0.388704 0.030000 0.033223
0.000000 0.455000 0.352159 0.015000 0.019934
