2.000000 0.318750 0.780973 0.112500 0.207965
2.000000 0.501250 0.134956 0.042500 0.092920
0.000000 0.706250 0.126106 0.062500 0.101770
2.000000 0.603750 0.380531 0.052500 0.106195
0.000000 0.253750 0.066372 0.017500 0.035398
0.000000 0.306250 0.079646 0.017500 0.035398
0.000000 0.395000 0.050885 0.020000 0.030973
2.000000 0.788750 0.188053 0.027500 0.039823
2.000000 0.653750 0.066372 0.022500 0.044248
0.000000 0.561250 0.048673 0.017500 0.044248
0.000000 0.588750 0.017699 0.012500 0.026549
2.000000 0.343750 0.117257 0.022500 0.048673
2.000000 0.341250 0.183628 0.037500 0.101770
