2.000000 0.916663 0.200463 0.031475 0.059217
2.000000 0.804990 0.116650 0.065656 0.113873
2.000000 0.706020 0.312693 0.026455 0.060534
1.000000 0.602547 0.338751 0.029988 0.051177
2.000000 0.555989 0.207141 0.037457 0.080093
2.000000 0.457223 0.244567 0.029831 0.071513
2.000000 0.472597 0.290847 0.030704 0.058136
2.000000 0.333063 0.321803 0.037972 0.063236
2.000000 0.288863 0.339300 0.035668 0.062696
2.000000 0.233984 0.402062 0.019701 0.038577
2.000000 0.185926 0.370578 0.040275 0.063777
2.000000 0.120123 0.407397 0.032649 0.055197
2.000000 0.088054 0.416702 0.028400 0.057595
