2.000000 0.181250 0.445693 0.112500 0.172285
2.000000 0.276250 0.698502 0.122500 0.198502
2.000000 0.387500 0.355805 0.065000 0.104869
2.000000 0.310000 0.359551 0.050000 0.067416
2.000000 0.376250 0.228464 0.047500 0.074906
2.000000 0.490000 0.260300 0.045000 0.093633
2.000000 0.452500 0.226592 0.030000 0.048689
2.000000 0.550000 0.382022 0.070000 0.119850
2.000000 0.693750 0.273408 0.067500 0.119850
2.000000 0.845000 0.230337 0.050000 0.093633
2.000000 0.833750 0.481273 0.092500 0.138577
2.000000 0.928750 0.767790 0.142500 0.202247
2.000000 0.962500 0.260300 0.040000 0.071161
2.000000 0.758750 0.301498 0.042500 0.071161
