2.000000 0.107265 0.369332 0.084224 0.166059
2.000000 0.081909 0.089501 0.068420 0.134661
2.000000 0.223122 0.322871 0.069417 0.155598
2.000000 0.169777 0.224497 0.058415 0.124895
2.000000 0.322989 0.409011 0.065811 0.180025
2.000000 0.251393 0.693771 0.096239 0.117899
2.000000 0.401774 0.683932 0.113639 0.182795
2.000000 0.416712 0.218102 0.074419 0.160480
2.000000 0.345856 0.106652 0.066018 0.134313
2.000000 0.535982 0.252243 0.063617 0.133966
2.000000 0.551744 0.606574 0.085828 0.149658
2.000000 0.607950 0.441853 0.067415 0.163624
2.000000 0.595809 0.214531 0.069218 0.151410
2.000000 0.746907 0.316523 0.061216 0.133618
2.000000 0.775758 0.548374 0.094827 0.188387
2.000000 0.826183 0.530381 0.061615 0.141992
2.000000 0.931333 0.377673 0.065044 0.168855
2.000000 0.908574 0.171294 0.064423 0.100815
2.000000 0.828447 0.279848 0.070622 0.130822
2.000000 0.926872 0.751557 0.054403 0.190848
