2.000000 0.143217 0.235226 0.037295 0.047894
2.000000 0.229865 0.249412 0.037539 0.050363
2.000000 0.312838 0.281793 0.045392 0.056616
2.000000 0.070569 0.213482 0.021074 0.032871
2.000000 0.230463 0.205533 0.025271 0.036045
2.000000 0.178304 0.202521 0.017173 0.027323
2.000000 0.294414 0.240808 0.038029 0.055303
2.000000 0.627636 0.319046 0.037295 0.047894
2.000000 0.515511 0.268901 0.035454 0.047565
2.000000 0.439297 0.262859 0.035454 0.047565
0.000000 0.557306 0.291431 0.031398 0.061400
2.000000 0.660451 0.280909 0.023674 0.038187
2.000000 0.067931 0.248200 0.016800 0.041815
