2.000000 0.084165 0.455294 0.043285 0.123977
2.000000 0.274138 0.425368 0.038476 0.098326
2.000000 0.322233 0.483082 0.057713 0.094051
2.000000 0.383553 0.356967 0.040880 0.089776
0.000000 0.430445 0.376205 0.052904 0.102601
2.000000 0.489361 0.485219 0.074546 0.149627
0.000000 0.483349 0.292842 0.043285 0.081226
0.000000 0.560300 0.275741 0.048094 0.098326
0.000000 0.676929 0.331317 0.045690 0.089776
2.000000 0.648072 0.444606 0.045690 0.094051
2.000000 0.716607 0.425368 0.048094 0.115427
2.000000 0.858485 0.346280 0.043285 0.085501
1.000000 0.761094 0.468119 0.064927 0.115427
0.000000 0.922211 0.378343 0.060118 0.098326
0.000000 0.177949 0.348417 0.028857 0.055576
0.000000 0.786344 0.329180 0.028857 0.059851
2.000000 0.895759 0.312079 0.026452 0.051301
