2.000000 0.928021 0.060347 0.031069 0.046545
2.000000 0.863494 0.219673 0.040628 0.057286
2.000000 0.753559 0.033494 0.031069 0.042964
2.000000 0.711735 0.088990 0.038238 0.060866
2.000000 0.612555 0.289491 0.050188 0.082348
2.000000 0.672302 0.028124 0.035848 0.053705
2.000000 0.611360 0.037075 0.033459 0.050125
2.000000 0.515764 0.203562 0.043018 0.068027
2.000000 0.527713 0.148066 0.033459 0.050125
0.000000 0.704566 0.022753 0.023899 0.028643
0.000000 0.540858 0.046026 0.021509 0.039384
2.000000 0.471551 0.078249 0.031069 0.039384
1.000000 0.441677 0.022753 0.023899 0.042964
2.000000 0.391489 0.013167 0.028679 0.026334
2.000000 0.373565 0.011377 0.011949 0.022753
0.000000 0.412999 0.007796 0.019119 0.015593
0.000000 0.264825 0.011377 0.028679 0.022753
2.000000 0.195518 0.044235 0.028679 0.042964
