2.000000 0.357500 0.923828 0.070000 0.113281
2.000000 0.467500 0.869141 0.130000 0.230469
2.000000 0.658750 0.742188 0.077500 0.164062
2.000000 0.485000 0.369141 0.045000 0.074219
2.000000 0.563750 0.240234 0.037500 0.058594
2.000000 0.587500 0.375000 0.035000 0.070312
2.000000 0.662500 0.267578 0.030000 0.042969
2.000000 0.756250 0.281250 0.037500 0.062500
2.000000 0.728750 0.501953 0.037500 0.066406
2.000000 0.856250 0.689453 0.102500 0.160156
2.000000 0.920000 0.320312 0.035000 0.054688
0.000000 0.828750 0.328125 0.037500 0.062500
0.000000 0.611250 0.583984 0.047500 0.074219
