2.000000 0.807688 0.564132 0.166688 0.258164
2.000000 0.659180 0.506300 0.100353 0.154392
0.000000 0.607708 0.350170 0.062451 0.087857
2.000000 0.527863 0.467746 0.082254 0.119857
0.000000 0.461051 0.371105 0.038743 0.090594
2.000000 0.407787 0.434177 0.106303 0.170848
2.000000 0.328043 0.453455 0.085161 0.144457
0.000000 0.279989 0.263145 0.044102 0.068157
2.000000 0.128075 0.356782 0.045442 0.062547
2.000000 0.081101 0.346881 0.053822 0.082619
2.000000 0.239760 0.400472 0.046168 0.068697
2.000000 0.213168 0.481925 0.071558 0.114079
2.000000 0.068078 0.534151 0.067061 0.109922
2.000000 0.468238 0.188533 0.031589 0.047003
0.000000 0.343870 0.244847 0.030612 0.055688
0.000000 0.186960 0.224084 0.030862 0.040853
