2.000000 0.101175 0.399058 0.046223 0.077361
2.000000 0.179701 0.420856 0.052076 0.068980
2.000000 0.295592 0.328826 0.030050 0.051410
2.000000 0.351226 0.367289 0.051843 0.088202
2.000000 0.361160 0.316449 0.032688 0.055188
2.000000 0.396720 0.342419 0.043241 0.070298
2.000000 0.456979 0.492426 0.052763 0.075551
2.000000 0.420071 0.318937 0.018577 0.048950
2.000000 0.461773 0.325114 0.030394 0.054696
2.000000 0.506174 0.312236 0.033376 0.061759
2.000000 0.537667 0.310524 0.045879 0.074075
2.000000 0.588258 0.323193 0.039916 0.059949
2.000000 0.624911 0.337171 0.040946 0.069806
2.000000 0.684165 0.342944 0.055058 0.076043
2.000000 0.679541 0.231399 0.025118 0.047141
2.000000 0.727721 0.254664 0.037965 0.062743
0.000000 0.762140 0.247285 0.037278 0.056171
2.000000 0.791283 0.234319 0.022136 0.040077
2.000000 0.829433 0.217742 0.042210 0.060441
2.000000 0.882607 0.221460 0.050125 0.071773
