2.000000 0.864905 0.328479 0.032129 0.056165
2.000000 0.810884 0.380464 0.058413 0.096934
2.000000 0.801874 0.316171 0.036798 0.057077
2.000000 0.761142 0.350519 0.042936 0.076094
2.000000 0.705878 0.534685 0.057531 0.086071
2.000000 0.696216 0.332323 0.032129 0.056165
2.000000 0.647632 0.317318 0.033010 0.067028
2.000000 0.615381 0.320217 0.045565 0.080171
2.000000 0.566634 0.336447 0.039720 0.064775
2.000000 0.526636 0.361742 0.050234 0.081083
2.000000 0.470600 0.365513 0.057825 0.089692
2.000000 0.428923 0.265414 0.042642 0.072473
0.000000 0.387922 0.259247 0.038838 0.053912
2.000000 0.319503 0.225655 0.045565 0.080171
2.000000 0.264192 0.235086 0.045859 0.083792
2.000000 0.357720 0.251510 0.024537 0.047555
