2.000000 0.250000 0.818681 0.120000 0.304029
0.000000 0.607500 0.179487 0.040000 0.065934
2.000000 0.505000 0.173993 0.060000 0.069597
2.000000 0.237500 0.137363 0.055000 0.040293
2.000000 0.441250 0.289377 0.052500 0.080586
2.000000 0.530000 0.300366 0.070000 0.102564
0.000000 0.772500 0.324176 0.040000 0.069597
0.000000 0.735000 0.379121 0.060000 0.084249
2.000000 0.871250 0.260073 0.057500 0.095238
2.000000 0.993750 0.311355 0.012500 0.080586
2.000000 0.960000 0.595238 0.080000 0.106227
2.000000 0.680000 0.532967 0.070000 0.113553
