2.000000 0.086245 0.269191 0.045659 0.091111
2.000000 0.169953 0.320959 0.045659 0.086970
2.000000 0.360199 0.304393 0.050732 0.095252
2.000000 0.306930 0.240201 0.030439 0.057980
2.000000 0.376687 0.238131 0.027903 0.045555
2.000000 0.413468 0.285757 0.045659 0.066262
2.000000 0.440102 0.256767 0.017756 0.057980
2.000000 0.462931 0.482474 0.048196 0.086970
2.000000 0.487029 0.277474 0.030439 0.057980
2.000000 0.535225 0.273333 0.030439 0.066262
2.000000 0.569469 0.283686 0.043122 0.078687
2.000000 0.624006 0.310605 0.040586 0.074545
2.000000 0.663324 0.339595 0.048196 0.091111
2.000000 0.725471 0.360302 0.055805 0.099394
2.000000 0.730544 0.217424 0.030439 0.070404
2.000000 0.780008 0.265050 0.043122 0.074545
0.000000 0.821862 0.265050 0.040586 0.057980
2.000000 0.896692 0.242272 0.043122 0.070404
2.000000 0.952497 0.260909 0.048196 0.082828
2.000000 0.853569 0.258838 0.022829 0.045555
