2.000000 0.936170 0.123478 0.046125 0.122547
2.000000 0.836998 0.155026 0.085120 0.131015
2.000000 0.832296 0.388015 0.090506 0.143302
2.000000 0.924032 0.673472 0.070402 0.130359
2.000000 0.713746 0.445286 0.088722 0.154606
2.000000 0.747633 0.749126 0.079533 0.114850
2.000000 0.528359 0.605447 0.091718 0.166565
2.000000 0.528252 0.827921 0.083943 0.095131
2.000000 0.447382 0.575557 0.080745 0.138113
2.000000 0.327845 0.775494 0.081554 0.153622
2.000000 0.200694 0.390733 0.083539 0.146196
2.000000 0.076146 0.286772 0.060416 0.112227
2.000000 0.090745 0.497588 0.069000 0.140351
2.000000 0.222901 0.655174 0.081352 0.149745
2.000000 0.124091 0.744881 0.095891 0.155590
2.000000 0.257847 0.857916 0.090303 0.035141
