2.000000 0.257500 0.228464 0.045000 0.067416
2.000000 0.361250 0.110487 0.032500 0.048689
2.000000 0.428750 0.277154 0.042500 0.059925
2.000000 0.543750 0.082397 0.032500 0.044944
2.000000 0.587500 0.140449 0.040000 0.063670
2.000000 0.691250 0.350187 0.052500 0.086142
2.000000 0.628750 0.076779 0.037500 0.056180
2.000000 0.692500 0.086142 0.035000 0.052434
2.000000 0.792500 0.260300 0.045000 0.071161
2.000000 0.780000 0.202247 0.035000 0.052434
0.000000 0.595000 0.071161 0.025000 0.029963
0.000000 0.766250 0.095506 0.022500 0.041199
2.000000 0.772500 0.035581 0.025000 0.033708
2.000000 0.838750 0.129213 0.032500 0.041199
0.000000 0.802500 0.018727 0.025000 0.037453
1.000000 0.870000 0.071161 0.025000 0.044944
2.000000 0.922500 0.050562 0.030000 0.048689
2.000000 0.941250 0.054307 0.012500 0.033708
0.000000 0.900000 0.046816 0.020000 0.033708
