2.000000 0.081424 0.154944 0.049904 0.081205
2.000000 0.138762 0.209275 0.064485 0.103904
0.000000 0.144386 0.349537 0.061240 0.095337
2.000000 0.054341 0.769811 0.088758 0.108729
2.000000 0.330011 0.153030 0.068343 0.088820
2.000000 0.323665 0.407560 0.068060 0.116499
1.000000 0.192673 0.627167 0.069377 0.132608
2.000000 0.141946 0.701017 0.085228 0.139710
2.000000 0.564134 0.199409 0.077420 0.106466
2.000000 0.562914 0.375149 0.072905 0.113496
2.000000 0.551561 0.739187 0.066743 0.100389
2.000000 0.597517 0.797186 0.087156 0.053979
2.000000 0.744096 0.233012 0.069330 0.100902
2.000000 0.703155 0.476596 0.065144 0.111959
2.000000 0.834641 0.250948 0.081653 0.127116
2.000000 0.915260 0.202140 0.051833 0.067145
