0.000000 0.891291 0.170206 0.041327 0.064823
0.000000 0.819725 0.278328 0.048485 0.065568
0.000000 0.821826 0.423002 0.053782 0.076206
2.000000 0.843420 0.584998 0.051046 0.069196
0.000000 0.541162 0.191577 0.043713 0.065071
2.000000 0.575736 0.334530 0.050870 0.065816
2.000000 0.531816 0.418335 0.048485 0.065568
2.000000 0.547533 0.578020 0.053782 0.076206
2.000000 0.288790 0.085457 0.045924 0.061939
2.000000 0.207712 0.168797 0.050695 0.062435
0.000000 0.214969 0.283417 0.043012 0.051548
0.000000 0.307593 0.417111 0.046274 0.068700
2.000000 0.212419 0.587358 0.049645 0.042150
