0.000000 0.055571 0.223416 0.043331 0.073346
2.000000 0.112956 0.276337 0.069199 0.131552
2.000000 0.172952 0.274201 0.030307 0.040686
2.000000 0.315698 0.240875 0.056085 0.095336
2.000000 0.361269 0.277140 0.035911 0.069398
2.000000 0.537873 0.307943 0.038354 0.069528
0.000000 0.587861 0.266100 0.038444 0.073085
2.000000 0.630137 0.336019 0.043331 0.073346
2.000000 0.790770 0.369530 0.053463 0.088093
0.000000 0.406806 0.363260 0.027774 0.036999
2.000000 0.943726 0.270868 0.020264 0.029495
2.000000 0.708986 0.265449 0.025510 0.043981
