2.000000 0.079220 0.075165 0.026407 0.047473
2.000000 0.158440 0.059341 0.026407 0.039561
2.000000 0.330084 0.092967 0.026407 0.059341
2.000000 0.455516 0.035605 0.029047 0.047473
2.000000 0.072618 0.217583 0.034329 0.055385
2.000000 0.157120 0.181979 0.034329 0.047473
2.000000 0.298396 0.174067 0.031688 0.055385
2.000000 0.322162 0.245276 0.031688 0.047473
2.000000 0.257466 0.328353 0.034329 0.047473
2.000000 0.085822 0.312529 0.039610 0.055385
2.000000 0.039610 0.385716 0.036969 0.059341
2.000000 0.113549 0.439123 0.036969 0.047473
2.000000 0.110908 0.514288 0.031688 0.063297
2.000000 0.175605 0.547915 0.034329 0.059341
2.000000 0.184847 0.634948 0.047532 0.067253
2.000000 0.134674 0.846598 0.047532 0.063297
2.000000 0.161081 0.970772 0.047532 0.058457
2.000000 0.269349 0.923741 0.047532 0.059341
2.000000 0.348569 0.534069 0.042251 0.055385
2.000000 0.369694 0.381760 0.031688 0.051429
2.000000 0.401382 0.868356 0.047532 0.075165
2.000000 0.468719 0.597366 0.039610 0.071209
2.000000 0.532095 0.108792 0.029047 0.035605
2.000000 0.557182 0.170111 0.031688 0.047473
2.000000 0.624519 0.122638 0.029047 0.047473
2.000000 0.596792 0.217583 0.031688 0.047473
2.000000 0.698458 0.205715 0.034329 0.047473
2.000000 0.670731 0.269012 0.036969 0.063297
2.000000 0.633761 0.429233 0.036969 0.059341
2.000000 0.583589 0.524178 0.036969 0.067253
2.000000 0.759193 0.840663 0.044891 0.075165
2.000000 0.815968 0.401540 0.036969 0.067253
2.000000 0.846335 0.581541 0.039610 0.063297
2.000000 0.834452 0.051429 0.031688 0.039561
2.000000 0.862180 0.031649 0.023766 0.047473
0.000000 0.979689 0.069231 0.026407 0.051429
2.000000 0.888586 0.126594 0.034329 0.039561
2.000000 0.950642 0.524178 0.036969 0.059341
2.000000 0.975728 0.727916 0.034329 0.063297
2.000000 0.991165 0.783301 0.017670 0.055385
