2.000000 0.873181 0.076138 0.033876 0.054655
2.000000 0.789794 0.041003 0.033876 0.046847
2.000000 0.650381 0.033195 0.031270 0.054655
2.000000 0.626928 0.103465 0.031270 0.046847
2.000000 0.690771 0.185447 0.033876 0.046847
2.000000 0.860152 0.169832 0.039088 0.054655
2.000000 0.895007 0.242054 0.014987 0.058559
2.000000 0.832790 0.294756 0.036482 0.046847
2.000000 0.835396 0.368931 0.031270 0.062462
2.000000 0.771553 0.402114 0.033876 0.058559
2.000000 0.762432 0.488000 0.046905 0.066366
2.000000 0.811944 0.696859 0.046905 0.062462
2.000000 0.785885 0.825988 0.046905 0.070871
2.000000 0.679045 0.772985 0.046905 0.058559
2.000000 0.600869 0.388450 0.041694 0.054655
2.000000 0.580022 0.238150 0.031270 0.050751
2.000000 0.548752 0.718330 0.046905 0.074174
2.000000 0.482303 0.450913 0.039088 0.070270
2.000000 0.395007 0.029291 0.031270 0.046847
2.000000 0.355919 0.076138 0.031270 0.046847
2.000000 0.255593 0.064426 0.033876 0.046847
2.000000 0.282955 0.126889 0.036482 0.062462
2.000000 0.319437 0.284997 0.036482 0.058559
2.000000 0.368948 0.378690 0.036482 0.066366
2.000000 0.195659 0.691003 0.044300 0.074174
2.000000 0.139633 0.257669 0.036482 0.066366
2.000000 0.109666 0.435297 0.039088 0.062462
0.000000 -0.004450 -0.022442 -0.008901 -0.044883
2.000000 0.012488 0.378690 0.024975 0.058559
