2.000000 0.117566 0.615020 0.083018 0.180098
2.000000 0.073478 0.303723 0.067449 0.146031
2.000000 0.141404 0.155148 0.059911 0.150498
2.000000 0.235695 0.538484 0.067723 0.169920
2.000000 0.173774 0.438244 0.057216 0.136061
2.000000 0.345455 0.615255 0.062991 0.198381
2.000000 0.288429 0.926560 0.097294 0.072113
2.000000 0.444932 0.887359 0.113302 0.150515
2.000000 0.431375 0.379900 0.072840 0.174906
2.000000 0.350336 0.268492 0.064918 0.145927
2.000000 0.558139 0.393833 0.062387 0.145824
2.000000 0.596887 0.791392 0.085330 0.161090
2.000000 0.645255 0.593425 0.065302 0.179373
2.000000 0.618277 0.338790 0.067668 0.165143
2.000000 0.674238 0.140513 0.057216 0.136061
0.000000 0.546044 0.112298 0.049184 0.097526
2.000000 0.782561 0.422890 0.059856 0.145720
2.000000 0.827283 0.679189 0.093416 0.204402
2.000000 0.878837 0.648398 0.059966 0.155276
2.000000 0.968915 0.453391 0.042369 0.183438
2.000000 0.942096 0.203643 0.064973 0.150705
2.000000 0.958166 0.059581 0.054191 0.092956
2.000000 0.865449 0.364526 0.069925 0.141356
2.000000 0.981397 0.867281 0.017403 0.189414
