2.000000 0.611319 0.607338 0.162832 0.230161
2.000000 0.927489 0.872974 0.140034 0.213421
2.000000 0.902113 0.303347 0.117730 0.163459
2.000000 0.657764 0.316372 0.112668 0.140175
2.000000 0.338699 0.359725 0.142732 0.183535
2.000000 0.469048 0.181237 0.105251 0.160066
2.000000 0.254340 0.106052 0.095212 0.140075
2.000000 0.970788 0.332855 0.050228 0.109919
2.000000 0.127207 0.121729 0.095137 0.116820
2.000000 0.350338 0.102181 0.067695 0.113341
0.000000 0.556388 0.199010 0.070157 0.103388
0.000000 0.085343 0.286422 0.135219 0.173526
