2.000000 0.229607 0.191936 0.054938 0.086507
2.000000 0.306295 0.254113 0.044995 0.077447
2.000000 0.435555 0.195938 0.031915 0.056850
2.000000 0.480581 0.267611 0.058076 0.098044
2.000000 0.499147 0.207027 0.036625 0.057671
2.000000 0.533832 0.256248 0.042640 0.077036
2.000000 0.560048 0.459790 0.057293 0.086918
2.000000 0.600171 0.262185 0.031915 0.056850
2.000000 0.650022 0.265247 0.032697 0.067976
2.000000 0.681167 0.280063 0.045256 0.081155
2.000000 0.726446 0.314237 0.039502 0.065499
2.000000 0.761783 0.354187 0.049967 0.081977
2.000000 0.816089 0.378673 0.057554 0.090626
2.000000 0.872070 0.294581 0.042379 0.073327
0.000000 0.913157 0.303622 0.038720 0.054373
2.000000 0.939805 0.307107 0.016125 0.048200
