2.000000 0.684007 0.136026 0.044390 0.072547
1.000000 0.756645 0.244847 0.036319 0.066502
2.000000 0.521581 0.161720 0.038337 0.057433
2.000000 0.575050 0.238801 0.028248 0.048365
2.000000 0.075664 0.172300 0.034301 0.060456
1.000000 0.096851 0.228221 0.044390 0.075570
1.000000 0.387402 0.161720 0.052461 0.081616
0.000000 0.159400 0.238801 0.044390 0.072547
0.000000 0.019168 0.164743 0.034301 0.051388
0.000000 0.294587 0.201016 0.036319 0.057433
0.000000 0.488288 0.178345 0.028248 0.048365
0.000000 0.588165 0.126958 0.038337 0.054410
0.000000 0.193701 0.188925 0.028248 0.051388
