2.000000 0.956250 0.951327 0.072500 0.088496
2.000000 0.877500 0.853982 0.070000 0.132743
1.000000 0.832500 0.767699 0.055000 0.119469
0.000000 0.905000 0.480088 0.050000 0.092920
2.000000 0.735000 0.502212 0.050000 0.110619
2.000000 0.738750 0.223451 0.057500 0.092920
2.000000 0.915000 0.327434 0.045000 0.106195
2.000000 0.976250 0.283186 0.032500 0.088496
2.000000 0.436250 0.904867 0.072500 0.128319
2.000000 0.480000 0.809735 0.065000 0.097345
2.000000 0.500000 0.415929 0.060000 0.106195
2.000000 0.516250 0.223451 0.062500 0.092920
2.000000 0.511250 0.068584 0.057500 0.075221
2.000000 0.337500 0.223451 0.055000 0.110619
2.000000 0.357500 0.488938 0.055000 0.101770
2.000000 0.250000 0.221239 0.060000 0.115044
2.000000 0.176250 0.141593 0.057500 0.088496
2.000000 0.103750 0.320796 0.067500 0.101770
2.000000 0.065000 0.683628 0.065000 0.101770
