0.000000 0.872468 0.741278 0.047027 0.060925
0.000000 0.833994 0.569996 0.040231 0.059275
0.000000 0.910338 0.460519 0.018404 0.052347
0.000000 0.805950 0.455295 0.044762 0.060375
0.000000 0.894184 0.356705 0.039840 0.056086
0.000000 0.798099 0.381669 0.035622 0.039590
0.000000 0.757907 0.348732 0.034138 0.045419
0.000000 0.873326 0.243544 0.034528 0.048608
0.000000 0.839188 0.212422 0.028435 0.034751
0.000000 0.737869 0.251792 0.037184 0.052347
0.000000 0.808019 0.119825 0.031872 0.044869
0.000000 0.728026 0.152377 0.037184 0.052347
0.000000 0.704591 0.103880 0.033747 0.042229
0.000000 0.558471 0.186964 0.019764 0.035741
2.000000 0.488008 0.192573 0.022420 0.039480
2.000000 0.444731 0.191583 0.024295 0.036841
0.000000 0.506991 0.214237 0.031482 0.041680
0.000000 0.509061 0.259711 0.029216 0.041130
2.000000 0.536754 0.333447 0.028826 0.037940
0.000000 0.508788 0.381285 0.022420 0.039480
0.000000 0.532927 0.416476 0.025076 0.043219
0.000000 0.537926 0.485868 0.032263 0.048058
0.000000 0.568236 0.552401 0.039450 0.052897
0.000000 0.543746 0.619100 0.033747 0.042229
0.000000 0.553199 0.762943 0.035622 0.039590
2.000000 0.473401 0.463764 0.034138 0.045419
0.000000 0.449184 0.504124 0.037575 0.055536
0.000000 0.433404 0.432422 0.036794 0.049158
0.000000 0.457738 0.421590 0.027341 0.043769
0.000000 0.448676 0.280936 0.019373 0.032552
0.000000 0.431568 0.303150 0.031872 0.044869
0.000000 0.388330 0.216767 0.026951 0.040580
0.000000 0.395009 0.328444 0.031872 0.044869
0.000000 0.350989 0.330918 0.026170 0.034201
0.000000 0.360207 0.415707 0.034138 0.045419
0.000000 0.396259 0.548168 0.031091 0.038490
0.000000 0.459027 0.651157 0.030388 0.050697
0.000000 0.430866 0.697400 0.037184 0.052347
0.000000 0.390830 0.703834 0.034919 0.051797
0.000000 0.369152 0.574452 0.037184 0.052347
0.000000 0.359582 0.258227 0.028826 0.037940
0.000000 0.320601 0.244700 0.019764 0.035741
0.000000 0.324585 0.201041 0.023514 0.030462
0.000000 0.265958 0.236618 0.023904 0.033652
0.000000 0.292869 0.256357 0.025388 0.027823
0.000000 0.269981 0.298037 0.030700 0.035301
0.000000 0.290878 0.373423 0.035622 0.039590
0.000000 0.267208 0.361106 0.015624 0.037830
0.000000 0.305915 0.448589 0.033356 0.039040
0.000000 0.283222 0.491863 0.034528 0.048608
0.000000 0.261349 0.503740 0.020155 0.038930
0.000000 0.282441 0.580720 0.034528 0.048608
0.000000 0.302518 0.687503 0.038278 0.043329
0.000000 0.284824 0.784236 0.036794 0.017289
0.000000 0.225571 0.249704 0.018592 0.026173
