2.000000 0.021066 0.029435 0.042132 0.058871
2.000000 0.136709 0.206698 0.022109 0.069566
1.000000 0.247254 0.208872 0.027022 0.056522
2.000000 0.281646 0.040305 0.031935 0.080610
2.000000 0.388506 0.052349 0.024565 0.082610
2.000000 0.377451 0.113219 0.027022 0.065218
2.000000 0.526072 0.111045 0.034392 0.069566
2.000000 0.573975 0.119741 0.031935 0.069566
2.000000 0.637845 0.180611 0.017196 0.043479
2.000000 0.684520 0.128437 0.036848 0.069566
2.000000 0.756988 0.154524 0.029479 0.060870
2.000000 0.791380 0.156698 0.024565 0.065218
