2.000000 0.178380 0.704726 0.077222 0.089928
2.000000 0.299750 0.632958 0.065673 0.094073
2.000000 0.458088 0.806323 0.081146 0.040606
2.000000 0.361416 0.600259 0.053645 0.072247
2.000000 0.393706 0.483845 0.048366 0.067950
1.000000 0.301547 0.456728 0.039895 0.056543
2.000000 0.203075 0.542491 0.040996 0.066468
2.000000 0.184314 0.475242 0.026512 0.044147
2.000000 0.239233 0.426990 0.025778 0.037531
2.000000 0.510980 0.510981 0.072676 0.092248
2.000000 0.562045 0.427992 0.046276 0.070764
2.000000 0.801154 0.444145 0.091706 0.112249
2.000000 0.650677 0.378030 0.028714 0.063997
2.000000 0.576039 0.305113 0.040262 0.059851
2.000000 0.479757 0.297428 0.033881 0.045630
2.000000 0.333893 0.352140 0.026879 0.047455
2.000000 0.126842 0.466512 0.025523 0.056886
2.000000 0.101686 0.420842 0.024055 0.043653
2.000000 0.174533 0.375747 0.034615 0.052246
2.000000 0.244741 0.329492 0.022955 0.033728
