2.000000 0.010000 0.526667 0.020000 0.040000
2.000000 0.087500 0.561667 0.035000 0.043333
2.000000 0.125000 0.495000 0.025000 0.043333
2.000000 0.062500 0.481667 0.020000 0.030000
2.000000 0.177500 0.663333 0.105000 0.166667
2.000000 0.293750 0.521667 0.022500 0.030000
2.000000 0.180000 0.486667 0.020000 0.026667
2.000000 0.333750 0.586667 0.037500 0.053333
2.000000 0.433750 0.576667 0.057500 0.086667
2.000000 0.382500 0.525000 0.015000 0.030000
2.000000 0.338750 0.516667 0.017500 0.020000
2.000000 0.475000 0.486667 0.025000 0.033333
2.000000 0.592500 0.526667 0.025000 0.026667
2.000000 0.638750 0.576667 0.022500 0.033333
2.000000 0.716250 0.580000 0.047500 0.066667
2.000000 0.782500 0.533333 0.020000 0.033333
2.000000 0.880000 0.598333 0.020000 0.063333
2.000000 0.552500 0.501667 0.010000 0.016667
2.000000 0.592500 0.476667 0.015000 0.020000
2.000000 0.621250 0.495000 0.012500 0.016667
2.000000 0.667500 0.533333 0.020000 0.033333
2.000000 0.852500 0.523333 0.020000 0.033333
2.000000 0.875000 0.503333 0.010000 0.020000
