2.000000 0.166284 0.197332 0.038857 0.068869
2.000000 0.280425 0.210018 0.048571 0.072494
2.000000 0.370281 0.229954 0.038857 0.054370
2.000000 0.461351 0.115776 0.055856 0.094242
2.000000 0.514779 0.161085 0.031571 0.047121
2.000000 0.586421 0.170147 0.048571 0.072494
2.000000 0.654420 0.355005 0.043714 0.072494
2.000000 0.707848 0.144774 0.048571 0.072494
2.000000 0.789204 0.200956 0.046142 0.076118
2.000000 0.854774 0.219080 0.031571 0.054370
2.000000 0.896059 0.220892 0.041285 0.057995
2.000000 0.919130 0.171959 0.024285 0.039871
2.000000 0.981422 0.148399 0.037156 0.079743
