2.000000 0.060063 0.775479 0.090621 0.135009
2.000000 0.164382 0.673399 0.059009 0.095494
2.000000 0.257110 0.627299 0.109588 0.194281
2.000000 0.418331 0.520279 0.065331 0.138302
2.000000 0.271862 0.205807 0.037934 0.062565
2.000000 0.338247 0.097141 0.031612 0.049394
2.000000 0.358268 0.210746 0.029504 0.059272
2.000000 0.421492 0.120191 0.025290 0.036222
2.000000 0.500522 0.131716 0.031612 0.052686
2.000000 0.477340 0.317765 0.031612 0.055979
2.000000 0.584820 0.475825 0.086406 0.135009
2.000000 0.638560 0.164645 0.029504 0.046101
0.000000 0.715483 0.291422 0.031612 0.049394
0.000000 0.561638 0.171231 0.031612 0.052686
0.000000 0.378289 0.386916 0.040042 0.062565
