2.000000 0.103670 0.799813 0.180758 0.338744
2.000000 0.280440 0.656317 0.108986 0.202306
0.000000 0.321643 0.404611 0.069113 0.112915
2.000000 0.438603 0.548107 0.090379 0.155258
0.000000 0.507717 0.378735 0.037215 0.127029
2.000000 0.583476 0.451659 0.114303 0.225830
2.000000 0.685816 0.449307 0.090379 0.192896
0.000000 0.717715 0.148201 0.047848 0.089391
2.000000 0.921067 0.228182 0.050506 0.079981
2.000000 0.974489 0.195249 0.051022 0.108210
2.000000 0.788157 0.336392 0.050506 0.089391
2.000000 0.833347 0.446954 0.077088 0.150553
2.000000 0.802777 0.939897 0.143543 0.120205
2.000000 0.471831 0.110562 0.034557 0.061162
0.000000 0.635311 0.145848 0.031898 0.075277
0.000000 0.828030 0.054105 0.034557 0.051753
