2.000000 0.119417 0.410107 0.056490 0.074921
2.000000 0.215700 0.272825 0.040798 0.054110
2.000000 0.308575 0.413935 0.052886 0.067214
2.000000 0.407350 0.201197 0.040333 0.050565
2.000000 0.461340 0.245353 0.050678 0.070142
2.000000 0.598326 0.418289 0.066835 0.094499
2.000000 0.497539 0.174903 0.047075 0.062435
2.000000 0.566867 0.168034 0.043936 0.058272
2.000000 0.695424 0.308214 0.056955 0.078467
2.000000 0.674848 0.256346 0.043936 0.058272
0.000000 0.460754 0.177914 0.030453 0.034532
0.000000 0.646888 0.158697 0.029175 0.044551
2.000000 0.646128 0.100429 0.030918 0.038078
2.000000 0.728596 0.172713 0.039868 0.047019
0.000000 0.676113 0.077071 0.031383 0.041623
1.000000 0.754800 0.110048 0.032314 0.048714
2.000000 0.808377 0.077593 0.038125 0.053493
2.000000 0.828891 0.076511 0.017552 0.034993
0.000000 0.783854 0.079600 0.025572 0.036844
