0.000000 0.110975 0.762339 0.037690 0.054697
0.000000 0.025126 0.567481 0.033502 0.054697
0.000000 0.126679 0.574318 0.031408 0.054697
0.000000 0.037690 0.482017 0.029314 0.047860
0.000000 0.139242 0.447832 0.035596 0.054697
0.000000 0.049206 0.367495 0.031408 0.051278
0.000000 0.138195 0.369205 0.029314 0.034186
0.000000 0.170650 0.324763 0.027220 0.041023
0.000000 0.055488 0.244427 0.027220 0.044441
0.000000 0.082708 0.203404 0.023033 0.030767
0.000000 0.177979 0.218788 0.029314 0.047860
0.000000 0.100506 0.099138 0.025126 0.041023
0.000000 0.175885 0.112813 0.029314 0.047860
0.000000 0.191589 0.056406 0.027220 0.037604
0.000000 0.331878 0.105975 0.014657 0.034186
2.000000 0.395741 0.094010 0.016751 0.037604
2.000000 0.434478 0.082045 0.018845 0.034186
0.000000 0.381084 0.121359 0.025126 0.037604
0.000000 0.384225 0.169219 0.023033 0.037604
2.000000 0.367474 0.252974 0.023033 0.034186
0.000000 0.397835 0.295706 0.016751 0.037604
0.000000 0.380037 0.338438 0.018845 0.041023
0.000000 0.383178 0.411937 0.025126 0.044441
0.000000 0.363286 0.488854 0.031408 0.047860
0.000000 0.392601 0.552098 0.027220 0.037604
0.000000 0.399929 0.704224 0.029314 0.034186
0.000000 0.413539 0.781141 0.035596 0.058116
0.000000 0.387366 0.767467 0.012563 0.037604
2.000000 0.438666 0.372623 0.027220 0.041023
0.000000 0.464839 0.408518 0.029314 0.051278
0.000000 0.471121 0.329891 0.029314 0.044441
0.000000 0.448088 0.324763 0.020939 0.041023
0.000000 0.440760 0.176056 0.014657 0.030767
0.000000 0.458557 0.194858 0.025126 0.041023
0.000000 0.487872 0.094010 0.020939 0.037604
0.000000 0.494153 0.211951 0.025126 0.041023
0.000000 0.533937 0.203404 0.020939 0.030767
0.000000 0.534984 0.293996 0.027220 0.041023
0.000000 0.517186 0.440995 0.025126 0.034186
0.000000 0.472168 0.564063 0.023033 0.047860
0.000000 0.502529 0.605086 0.029314 0.047860
0.000000 0.539171 0.601667 0.027220 0.047860
0.000000 0.544406 0.461506 0.029314 0.047860
0.000000 0.536031 0.789688 0.025126 0.047860
0.000000 0.518233 0.129905 0.023033 0.034186
0.000000 0.551735 0.105975 0.014657 0.034186
0.000000 0.543359 0.061534 0.018845 0.027348
0.000000 0.599894 0.083755 0.018845 0.030767
0.000000 0.577908 0.111103 0.020939 0.023930
0.000000 0.603034 0.148707 0.025126 0.030767
0.000000 0.592565 0.232462 0.029314 0.034186
0.000000 0.612457 0.213660 0.010469 0.037604
0.000000 0.587330 0.314508 0.027220 0.034186
0.000000 0.612457 0.353821 0.027220 0.044441
0.000000 0.633395 0.360658 0.014657 0.037604
0.000000 0.622926 0.446122 0.027220 0.044441
0.000000 0.616645 0.562354 0.031408 0.037604
0.000000 0.644912 0.675166 0.029314 0.044441
0.000000 0.658522 0.734991 0.018845 0.027348
0.000000 0.672132 0.811909 0.029314 0.044441
0.000000 0.637583 0.087173 0.014657 0.023930
