2.000000 0.133080 0.676515 0.134575 0.206091
2.000000 0.246721 0.930103 0.146537 0.139795
2.000000 0.379801 0.568990 0.077754 0.125447
2.000000 0.287093 0.573470 0.059811 0.080644
2.000000 0.366343 0.416662 0.056821 0.089605
2.000000 0.502413 0.454744 0.053830 0.112006
2.000000 0.457555 0.414422 0.035887 0.058243
2.000000 0.574187 0.600351 0.083736 0.143368
2.000000 0.746144 0.470425 0.080745 0.143368
2.000000 0.927072 0.418902 0.059811 0.112006
2.000000 0.913615 0.719078 0.110651 0.165769
2.000000 0.823898 0.504026 0.050839 0.085124
