2.000000 0.074652 0.220642 0.037431 0.064446
2.000000 0.195998 0.124176 0.069539 0.124012
2.000000 0.305810 0.336907 0.027786 0.066238
1.000000 0.417902 0.361987 0.031775 0.055716
2.000000 0.466162 0.215173 0.039431 0.087548
2.000000 0.573346 0.252957 0.031280 0.078304
2.000000 0.557452 0.304548 0.032442 0.063417
2.000000 0.708545 0.333753 0.040259 0.068811
2.000000 0.756524 0.351487 0.037764 0.068296
2.000000 0.816718 0.418772 0.020796 0.042106
2.000000 0.868117 0.382343 0.042754 0.069325
2.000000 0.930687 0.420625 0.016560 0.060081
