2.000000 0.101877 0.407452 0.049237 0.080178
2.000000 0.181470 0.429591 0.048854 0.076977
2.000000 0.349933 0.376158 0.054154 0.084463
2.000000 0.296389 0.337915 0.032569 0.051318
2.000000 0.358530 0.321417 0.029152 0.041172
2.000000 0.395807 0.350377 0.046936 0.060971
2.000000 0.416921 0.322280 0.021236 0.048609
2.000000 0.458224 0.491873 0.051121 0.077518
2.000000 0.460772 0.328265 0.032569 0.051318
2.000000 0.503454 0.314772 0.033336 0.057720
2.000000 0.535012 0.315462 0.045820 0.070033
2.000000 0.586238 0.324623 0.043170 0.066290
2.000000 0.624056 0.338635 0.051504 0.080720
2.000000 0.681506 0.341370 0.059071 0.088747
2.000000 0.672806 0.229844 0.033720 0.060922
2.000000 0.721417 0.256095 0.045437 0.066831
0.000000 0.758816 0.247157 0.041636 0.053485
2.000000 0.823572 0.213570 0.045053 0.063630
2.000000 0.875164 0.216058 0.050737 0.074317
2.000000 0.786573 0.235583 0.024619 0.040089
