2.000000 0.140107 0.849168 0.065068 0.085288
2.000000 0.263683 0.834816 0.060315 0.084736
2.000000 0.371284 0.848161 0.057721 0.081445
2.000000 0.539385 0.861142 0.069821 0.068761
2.000000 0.806353 0.717070 0.064198 0.073228
2.000000 0.675707 0.633437 0.059662 0.075691
2.000000 0.841667 0.475835 0.049069 0.059512
2.000000 0.717873 0.487171 0.039128 0.052379
2.000000 0.561754 0.664912 0.056851 0.069385
2.000000 0.431249 0.649666 0.056851 0.069385
2.000000 0.254069 0.618560 0.033521 0.072655
2.000000 0.217443 0.609133 0.057503 0.078430
2.000000 0.153061 0.613569 0.052315 0.071848
2.000000 0.049133 0.601318 0.028551 0.069088
2.000000 0.046364 0.463311 0.040851 0.043610
2.000000 0.150820 0.449660 0.046692 0.059236
2.000000 0.279274 0.469704 0.041722 0.055669
2.000000 0.354777 0.453335 0.046692 0.059236
2.000000 0.478704 0.493666 0.053822 0.060064
2.000000 0.575821 0.494548 0.051445 0.059788
2.000000 0.929998 0.324537 0.022357 0.058792
2.000000 0.795996 0.307848 0.030057 0.057304
2.000000 0.708494 0.307370 0.042157 0.061699
2.000000 0.639468 0.313866 0.045822 0.047177
2.000000 0.529046 0.278047 0.041939 0.058684
2.000000 0.477199 0.290149 0.037186 0.058132
2.000000 0.369807 0.263098 0.037186 0.058132
2.000000 0.293659 0.287143 0.034375 0.051827
2.000000 0.184978 0.275443 0.034375 0.051827
2.000000 0.095752 0.284285 0.042157 0.061699
2.000000 0.032123 0.282554 0.039345 0.055393
2.000000 0.024735 0.196767 0.031563 0.045521
2.000000 0.119040 0.191895 0.024434 0.044693
2.000000 0.206986 0.215124 0.034375 0.051827
2.000000 0.327324 0.205708 0.032216 0.054565
2.000000 0.469359 0.164892 0.029839 0.054289
2.000000 0.555790 0.183736 0.037186 0.058132
2.000000 0.674195 0.197346 0.037186 0.058132
2.000000 0.760710 0.167538 0.042157 0.061699
2.000000 0.869826 0.185267 0.036969 0.055117
2.000000 0.780434 0.075562 0.031563 0.045521
2.000000 0.709684 0.091379 0.036534 0.049088
2.000000 0.615378 0.096251 0.034592 0.054841
2.000000 0.571071 0.063394 0.026375 0.038939
2.000000 0.493852 0.105804 0.033940 0.045797
2.000000 0.429905 0.116271 0.033505 0.039767
2.000000 0.364871 0.111663 0.033940 0.045797
2.000000 0.280607 0.106248 0.038693 0.046349
2.000000 0.171515 0.138678 0.026158 0.035924
2.000000 0.107878 0.120227 0.026810 0.044969
