2.000000 0.855000 0.311245 0.045000 0.092369
2.000000 0.892500 0.506024 0.045000 0.104418
2.000000 0.815000 0.463855 0.050000 0.100402
2.000000 0.733750 0.473896 0.057500 0.104418
2.000000 0.683750 0.395582 0.057500 0.092369
2.000000 0.618750 0.447791 0.057500 0.100402
2.000000 0.560000 0.413655 0.060000 0.104418
2.000000 0.437500 0.441767 0.050000 0.088353
2.000000 0.383750 0.449799 0.042500 0.104418
2.000000 0.292500 0.413655 0.065000 0.112450
2.000000 0.187500 0.401606 0.060000 0.104418
2.000000 0.788750 0.361446 0.052500 0.088353
2.000000 0.141250 0.546185 0.022500 0.080321
