2.000000 0.778072 0.399026 0.016337 0.037644
2.000000 0.706596 0.449845 0.028591 0.056466
2.000000 0.666773 0.432905 0.046970 0.097874
2.000000 0.627972 0.412201 0.026548 0.056466
2.000000 0.553432 0.555248 0.049012 0.086581
2.000000 0.777051 0.344442 0.010211 0.018822
2.000000 0.739271 0.342560 0.012253 0.022586
2.000000 0.719870 0.350089 0.018380 0.030115
2.000000 0.701490 0.348207 0.014295 0.026351
2.000000 0.573854 0.355735 0.020422 0.041408
2.000000 0.554453 0.370793 0.014295 0.026351
2.000000 0.542200 0.419730 0.022464 0.033880
2.000000 0.522799 0.336913 0.012253 0.026351
2.000000 0.454386 0.389615 0.022464 0.033880
2.000000 0.471745 0.528898 0.024506 0.041408
2.000000 0.410479 0.382086 0.016337 0.048937
2.000000 0.376783 0.410319 0.026548 0.052702
2.000000 0.386994 0.510076 0.034717 0.109167
2.000000 0.436006 0.308680 0.014295 0.030115
2.000000 0.470724 0.312445 0.018380 0.030115
2.000000 0.291011 0.414083 0.034717 0.052702
2.000000 0.344108 0.357618 0.018380 0.030115
2.000000 0.261400 0.303034 0.012253 0.026351
2.000000 0.271611 0.271036 0.012253 0.022586
2.000000 0.179712 0.568424 0.106194 0.203277
2.000000 0.030633 0.342560 0.032675 0.075288
2.000000 0.102109 0.370793 0.020422 0.041408
2.000000 0.754587 0.489371 0.014295 0.030115
2.000000 0.763777 0.338796 0.012253 0.022586
