2.000000 0.066047 0.553262 0.021188 0.042726
2.000000 0.152617 0.595439 0.036573 0.064765
2.000000 0.198414 0.570831 0.060359 0.111831
2.000000 0.242810 0.542390 0.034178 0.064427
2.000000 0.337937 0.682103 0.062147 0.100164
2.000000 0.064307 0.495068 0.012989 0.021701
2.000000 0.108518 0.486805 0.015587 0.026042
2.000000 0.131679 0.491593 0.023178 0.035061
2.000000 0.153135 0.486545 0.018185 0.030382
2.000000 0.303246 0.473393 0.026182 0.047404
2.000000 0.326812 0.486185 0.018185 0.030382
2.000000 0.343817 0.536177 0.028172 0.039739
2.000000 0.362115 0.444922 0.015790 0.030043
2.000000 0.445194 0.489608 0.028172 0.039739
2.000000 0.432331 0.640551 0.030972 0.048081
2.000000 0.496288 0.474327 0.021796 0.054731
2.000000 0.537330 0.498755 0.033975 0.060425
2.000000 0.530722 0.606495 0.046595 0.121806
2.000000 0.462396 0.400523 0.018388 0.034384
2.000000 0.421878 0.410279 0.023178 0.035061
2.000000 0.638135 0.488541 0.043556 0.061779
2.000000 0.572818 0.437315 0.023178 0.035061
2.000000 0.666889 0.365580 0.015790 0.030043
2.000000 0.653191 0.333258 0.015587 0.026042
2.000000 0.776985 0.634166 0.135496 0.233697
2.000000 0.939685 0.369350 0.042377 0.085451
2.000000 0.857369 0.411210 0.026182 0.047404
2.000000 0.098455 0.645412 0.018388 0.034384
2.000000 0.079572 0.486865 0.015587 0.026042
