2.000000 0.739119 0.740528 0.105542 0.137126
0.000000 0.799126 0.591035 0.081498 0.108417
0.000000 0.447641 0.538825 0.081498 0.108417
2.000000 0.500809 0.664654 0.107020 0.137416
2.000000 0.893888 0.634216 0.034547 0.080948
2.000000 0.206834 0.542510 0.089824 0.139307
2.000000 0.119381 0.422724 0.058604 0.082915
2.000000 0.282166 0.522739 0.050773 0.089835
2.000000 0.365001 0.498525 0.055208 0.073444
2.000000 0.405147 0.473833 0.062768 0.098360
2.000000 0.518922 0.496615 0.063479 0.086922
2.000000 0.563829 0.506820 0.043214 0.064918
2.000000 0.613836 0.441330 0.032698 0.050929
2.000000 0.719644 0.436170 0.043542 0.050493
0.000000 0.320754 0.456191 0.043598 0.067905
2.000000 0.169579 0.355740 0.037189 0.051949
2.000000 0.398855 0.387862 0.047321 0.062952
0.000000 0.492534 0.369187 0.034560 0.048452
2.000000 0.534130 0.360194 0.017308 0.032932
2.000000 0.648096 0.381483 0.019170 0.030455
2.000000 0.450255 0.356504 0.024044 0.034463
2.000000 0.300283 0.291680 0.021032 0.027978
2.000000 0.681253 0.438205 0.036422 0.045975
2.000000 0.578948 0.461069 0.032698 0.050929
2.000000 0.892459 0.440091 0.024428 0.037450
2.000000 0.770002 0.439929 0.019170 0.030455
2.000000 0.907697 0.434484 0.006929 0.033953
