2.000000 0.217332 0.678344 0.108391 0.151611
0.000000 0.190543 0.492503 0.083781 0.114930
0.000000 0.562411 0.583313 0.083781 0.114930
2.000000 0.479325 0.694127 0.110233 0.145377
2.000000 0.069240 0.492912 0.064576 0.085664
2.000000 0.808205 0.687197 0.091481 0.148857
2.000000 0.914797 0.597000 0.039565 0.088191
2.000000 0.735549 0.635035 0.051228 0.096560
2.000000 0.656219 0.575066 0.056755 0.077856
2.000000 0.620721 0.532317 0.063881 0.105155
2.000000 0.499010 0.509134 0.065150 0.092292
2.000000 0.450694 0.501265 0.044102 0.069261
2.000000 0.414380 0.411333 0.033292 0.054431
2.000000 0.307185 0.361949 0.045084 0.053084
0.000000 0.711170 0.548728 0.044389 0.072575
2.000000 0.888859 0.505412 0.038123 0.055218
2.000000 0.646727 0.444133 0.048647 0.066734
0.000000 0.555031 0.385510 0.035421 0.051511
2.000000 0.514476 0.358741 0.017363 0.035501
2.000000 0.392908 0.333901 0.019492 0.032580
2.000000 0.601218 0.389672 0.024610 0.036681
2.000000 0.769569 0.383483 0.021621 0.029659
2.000000 0.346042 0.380040 0.037550 0.048590
2.000000 0.445620 0.446668 0.033292 0.054431
2.000000 0.129298 0.294330 0.024897 0.039995
2.000000 0.086531 0.278963 0.025184 0.043309
2.000000 0.254755 0.345008 0.019492 0.032580
2.000000 0.107352 0.278993 0.022195 0.036287
