2.000000 0.922500 0.709738 0.100000 0.153558
0.000000 0.963750 0.507491 0.072500 0.116105
0.000000 0.578750 0.541199 0.077500 0.116105
2.000000 0.653750 0.679775 0.102500 0.146067
2.000000 0.318750 0.612360 0.082500 0.153558
2.000000 0.207500 0.490637 0.055000 0.089888
2.000000 0.397500 0.567416 0.045000 0.101124
2.000000 0.483750 0.514981 0.052500 0.078652
2.000000 0.523750 0.473783 0.057500 0.108614
2.000000 0.650000 0.470037 0.060000 0.093633
2.000000 0.700000 0.470037 0.040000 0.071161
2.000000 0.745000 0.376404 0.030000 0.056180
2.000000 0.858750 0.340824 0.042500 0.052434
0.000000 0.430000 0.475655 0.040000 0.074906
2.000000 0.252500 0.395131 0.035000 0.056180
2.000000 0.505000 0.370787 0.045000 0.067416
0.000000 0.603750 0.322097 0.032500 0.052434
2.000000 0.647500 0.299625 0.015000 0.037453
2.000000 0.773750 0.294007 0.017500 0.033708
2.000000 0.556250 0.318352 0.022500 0.037453
2.000000 0.385000 0.280899 0.020000 0.029963
2.000000 0.817500 0.353933 0.035000 0.048689
2.000000 0.710000 0.410112 0.030000 0.056180
2.000000 0.913750 0.331461 0.017500 0.033708
