2.000000 0.034034 0.569856 0.030911 0.062012
2.000000 0.076221 0.546693 0.057922 0.108061
2.000000 0.119168 0.519520 0.032794 0.062261
2.000000 0.210495 0.656052 0.059690 0.096708
2.000000 0.018811 0.468246 0.008823 0.032062
2.000000 0.032813 0.464444 0.017463 0.029340
2.000000 0.177737 0.453138 0.025128 0.045800
2.000000 0.200437 0.465783 0.017463 0.029340
2.000000 0.216676 0.514472 0.027078 0.038333
2.000000 0.234653 0.426076 0.015150 0.029035
2.000000 0.314680 0.470257 0.027078 0.038333
2.000000 0.301742 0.616639 0.029754 0.046411
2.000000 0.364046 0.455922 0.020866 0.052962
2.000000 0.403573 0.480032 0.032612 0.058374
2.000000 0.396822 0.584541 0.044589 0.117888
2.000000 0.331591 0.383957 0.017644 0.033226
2.000000 0.292452 0.393033 0.022270 0.033836
2.000000 0.500899 0.471098 0.041864 0.059595
2.000000 0.438037 0.420741 0.022270 0.033836
2.000000 0.529078 0.352030 0.015150 0.029035
2.000000 0.515968 0.320524 0.014968 0.025148
2.000000 0.634404 0.613794 0.130085 0.225725
2.000000 0.792351 0.358342 0.040641 0.082607
2.000000 0.712759 0.398172 0.025128 0.045800
