2.000000 0.611250 0.608333 0.162500 0.230000
2.000000 0.927500 0.876667 0.140000 0.213333
2.000000 0.903750 0.305000 0.117500 0.163333
2.000000 0.658750 0.316667 0.112500 0.140000
2.000000 0.338750 0.358333 0.142500 0.183333
2.000000 0.470000 0.180000 0.105000 0.160000
2.000000 0.255000 0.103333 0.095000 0.140000
2.000000 0.972500 0.335000 0.050000 0.110000
2.000000 0.127500 0.118333 0.095000 0.116667
2.000000 0.351250 0.100000 0.067500 0.113333
0.000000 0.557500 0.198333 0.070000 0.103333
0.000000 0.085000 0.283333 0.135000 0.173333
