2.000000 0.524173 0.521672 0.139351 0.197235
2.000000 0.795372 0.751780 0.120056 0.182943
2.000000 0.775005 0.261551 0.100761 0.140065
2.000000 0.564907 0.271555 0.096474 0.120056
2.000000 0.290493 0.307286 0.122200 0.157216
2.000000 0.403045 0.154358 0.090042 0.137207
2.000000 0.218674 0.088613 0.081467 0.120056
2.000000 0.833961 0.287277 0.042877 0.094330
2.000000 0.109337 0.101476 0.081467 0.100047
2.000000 0.301212 0.085754 0.057884 0.097188
0.000000 0.478080 0.170079 0.060028 0.088613
0.000000 0.072891 0.242971 0.115768 0.148641
