2.000000 0.049826 0.190028 0.052056 0.044302
2.000000 0.290774 0.173862 0.052785 0.070004
2.000000 0.241388 0.272578 0.053433 0.075812
0.000000 0.377578 0.159781 0.045568 0.062907
2.000000 0.320569 0.270380 0.066650 0.098286
2.000000 0.118239 0.711305 0.132323 0.242023
0.000000 0.536909 0.244211 0.036811 0.061187
0.000000 0.507837 0.294429 0.057812 0.076671
2.000000 0.471261 0.427720 0.073866 0.105383
2.000000 0.616133 0.172274 0.056920 0.087856
2.000000 0.743924 0.194652 0.046865 0.074522
2.000000 0.726035 0.425159 0.072569 0.093769
2.000000 0.850751 0.299779 0.057488 0.073768
