2.000000 0.040030 0.296195 0.062067 0.087409
2.000000 0.102581 0.334323 0.036830 0.059380
2.000000 0.270253 0.273531 0.039729 0.067217
2.000000 0.341635 0.272634 0.056734 0.094920
2.000000 0.384399 0.282541 0.031265 0.055298
2.000000 0.440089 0.320940 0.042318 0.059597
2.000000 0.519626 0.315853 0.042241 0.055733
2.000000 0.630235 0.354009 0.059169 0.079572
2.000000 0.681656 0.247550 0.050782 0.071517
2.000000 0.790468 0.264506 0.036830 0.059380
2.000000 0.831550 0.259010 0.048115 0.075272
2.000000 0.918622 0.356110 0.053603 0.075490
2.000000 0.471297 0.302300 0.022724 0.039514
