0.000000 0.961250 0.232210 0.042500 0.074906
2.000000 0.901250 0.284644 0.067500 0.134831
2.000000 0.840000 0.279026 0.030000 0.041199
2.000000 0.695000 0.235955 0.055000 0.097378
2.000000 0.647500 0.271536 0.035000 0.071161
2.000000 0.466250 0.294007 0.037500 0.071161
0.000000 0.416250 0.247191 0.037500 0.074906
2.000000 0.371250 0.318352 0.042500 0.074906
2.000000 0.206250 0.344569 0.052500 0.089888
0.000000 0.598750 0.359551 0.027500 0.037453
2.000000 0.052500 0.232210 0.020000 0.029963
2.000000 0.292500 0.239700 0.025000 0.044944
