2.000000 0.792500 0.158915 0.055000 0.077519
2.000000 0.710000 0.385659 0.045000 0.065891
2.000000 0.533750 0.209302 0.047500 0.069767
2.000000 0.086250 0.199612 0.042500 0.065891
2.000000 0.308750 0.220930 0.037500 0.054264
2.000000 0.390000 0.201550 0.035000 0.046512
2.000000 0.433750 0.232558 0.027500 0.046512
2.000000 0.921250 0.193798 0.027500 0.038760
2.000000 0.707500 0.153101 0.025000 0.042636
2.000000 0.660000 0.184109 0.020000 0.034884
2.000000 0.610000 0.189922 0.020000 0.031008
2.000000 0.026250 0.203488 0.017500 0.027132
