2.000000 0.931546 0.293510 0.031333 0.081412
2.000000 0.854420 0.269944 0.045794 0.085696
2.000000 0.713422 0.599875 0.033743 0.059987
2.000000 0.668833 0.424197 0.036153 0.077127
2.000000 0.626655 0.351355 0.033743 0.059987
2.000000 0.560374 0.396346 0.040974 0.064272
2.000000 0.514580 0.394203 0.031333 0.051418
2.000000 0.413351 0.366352 0.031333 0.064272
2.000000 0.349481 0.379206 0.033743 0.064272
2.000000 0.267533 0.321361 0.033743 0.059987
0.000000 0.750781 0.327789 0.036153 0.072842
0.000000 0.661603 0.340643 0.026512 0.047133
0.000000 0.450709 0.377064 0.028923 0.068557
0.000000 0.583271 0.357782 0.033743 0.064272
