2.000000 0.034755 0.411964 0.038421 0.067605
2.000000 0.092619 0.384240 0.040392 0.061505
2.000000 0.181840 0.389601 0.042542 0.061634
2.000000 0.264161 0.372707 0.038064 0.055146
2.000000 0.316343 0.393003 0.040660 0.070849
2.000000 0.431992 0.415552 0.040482 0.064619
2.000000 0.451203 0.383946 0.025700 0.073059
2.000000 0.544456 0.398910 0.022658 0.041783
2.000000 0.614764 0.312652 0.047377 0.080580
2.000000 0.767902 0.342134 0.053738 0.077853
2.000000 0.871593 0.368645 0.016743 0.060084
2.000000 0.815785 0.362172 0.042721 0.067863
0.000000 0.565777 0.406431 0.031793 0.060988
0.000000 0.363646 0.433286 0.038332 0.064490
0.000000 0.239487 0.407106 0.042810 0.070978
