2.000000 0.085660 0.249811 0.090575 0.152833
2.000000 0.173304 0.407296 0.144635 0.204153
2.000000 0.412791 0.376801 0.074306 0.102108
2.000000 0.446529 0.224829 0.068214 0.084199
2.000000 0.468964 0.303166 0.060446 0.110796
2.000000 0.545352 0.275239 0.118505 0.165148
2.000000 0.692528 0.271437 0.070328 0.102045
0.000000 0.660712 0.132375 0.048240 0.072010
0.000000 0.754752 0.209584 0.048261 0.074979
2.000000 0.828859 0.281169 0.072443 0.119891
2.000000 0.906631 0.449202 0.114464 0.156178
2.000000 0.904200 0.245834 0.056259 0.081042
2.000000 0.876488 0.124524 0.054228 0.075073
