2.000000 0.199124 0.327588 0.048500 0.081857
2.000000 0.279278 0.354373 0.048185 0.078509
2.000000 0.451242 0.306760 0.053434 0.086117
2.000000 0.397859 0.264458 0.032123 0.052340
2.000000 0.461217 0.250236 0.028869 0.041841
2.000000 0.498327 0.282115 0.046611 0.061772
2.000000 0.520375 0.253891 0.020575 0.050058
2.000000 0.558320 0.432219 0.050495 0.078966
2.000000 0.564677 0.262187 0.032123 0.052340
2.000000 0.608246 0.250170 0.032753 0.059034
2.000000 0.640213 0.252378 0.045246 0.071358
2.000000 0.691917 0.264326 0.042621 0.067554
2.000000 0.729920 0.280685 0.050810 0.082313
2.000000 0.788081 0.286243 0.058368 0.090377
2.000000 0.781838 0.169844 0.033068 0.062382
2.000000 0.830497 0.199442 0.044931 0.068011
0.000000 0.868606 0.191913 0.041362 0.054165
2.000000 0.922551 0.161638 0.019701 0.061469
2.000000 0.897004 0.181188 0.024250 0.040928
