0.000000 0.942411 0.310373 0.024487 0.071620
2.000000 0.892540 0.351032 0.070976 0.127965
2.000000 0.834528 0.339531 0.030609 0.040090
2.000000 0.698680 0.285621 0.057208 0.093079
2.000000 0.651697 0.312495 0.036865 0.067471
2.000000 0.478075 0.313500 0.039244 0.067735
0.000000 0.432828 0.266263 0.039431 0.071092
2.000000 0.386446 0.325289 0.044190 0.071620
2.000000 0.228104 0.331366 0.054455 0.086102
0.000000 0.600904 0.386229 0.028043 0.036470
2.000000 0.087390 0.214435 0.020531 0.028965
2.000000 0.315427 0.246486 0.026038 0.042919
