2.000000 0.087936 0.724583 0.147956 0.317625
2.000000 0.364308 0.439216 0.030708 0.064518
2.000000 0.456431 0.449142 0.036291 0.084369
2.000000 0.611367 0.357329 0.033500 0.069481
2.000000 0.150748 0.459068 0.016750 0.034740
2.000000 0.495514 0.411920 0.013958 0.029777
2.000000 0.548555 0.411920 0.019541 0.039703
2.000000 0.717449 0.384624 0.022333 0.024814
2.000000 0.787239 0.401995 0.033500 0.059555
2.000000 0.955036 0.339958 0.089929 0.362291
0.000000 0.817947 0.347403 0.016750 0.039703
2.000000 0.242872 0.449142 0.011167 0.044666
