2.000000 0.055443 0.579174 0.098565 0.249722
0.000000 0.349084 0.054157 0.032855 0.054157
2.000000 0.264893 0.049643 0.049282 0.057165
2.000000 0.045176 0.019557 0.045176 0.033096
2.000000 0.212530 0.144417 0.043122 0.066191
2.000000 0.285427 0.153443 0.057496 0.084243
0.000000 0.484610 0.173000 0.032855 0.057165
0.000000 0.453809 0.218130 0.049282 0.069200
2.000000 0.565721 0.120348 0.047229 0.078226
2.000000 0.679687 0.162470 0.036962 0.066191
2.000000 0.639645 0.395643 0.067763 0.087252
2.000000 0.766958 0.293348 0.051336 0.069200
2.000000 0.408633 0.344496 0.057496 0.093270
