2.000000 0.074170 0.162269 0.026040 0.042922
2.000000 0.144799 0.140914 0.025666 0.036209
2.000000 0.301044 0.152269 0.026602 0.052992
2.000000 0.411344 0.091046 0.028420 0.043186
2.000000 0.074965 0.283767 0.033553 0.050428
2.000000 0.149416 0.245102 0.033178 0.043715
2.000000 0.276333 0.224251 0.031174 0.050164
2.000000 0.301118 0.282292 0.030799 0.043450
2.000000 0.246759 0.359255 0.033178 0.043715
2.000000 0.091357 0.363005 0.038311 0.050956
2.000000 0.053185 0.429727 0.036119 0.054049
2.000000 0.122333 0.467642 0.035558 0.043979
2.000000 0.123513 0.531682 0.031548 0.056877
2.000000 0.183397 0.553739 0.033740 0.053785
2.000000 0.195846 0.626660 0.046011 0.061819
2.000000 0.160660 0.811260 0.045824 0.058462
2.000000 0.285656 0.863237 0.045637 0.055106
2.000000 0.338584 0.524682 0.040691 0.051221
2.000000 0.350407 0.393339 0.030986 0.046807
2.000000 0.401997 0.803032 0.046386 0.068532
2.000000 0.449838 0.566365 0.039061 0.064383
2.000000 0.483808 0.145480 0.027858 0.033116
2.000000 0.509314 0.194998 0.030799 0.043450
2.000000 0.567738 0.147980 0.028420 0.043186
2.000000 0.547251 0.231313 0.030799 0.043450
2.000000 0.638291 0.211070 0.033178 0.043715
2.000000 0.616306 0.267550 0.036307 0.057405
2.000000 0.590582 0.407193 0.036119 0.054049
2.000000 0.549871 0.492772 0.036494 0.060762
2.000000 0.723078 0.743729 0.044007 0.068268
2.000000 0.753440 0.365463 0.036494 0.060762
2.000000 0.789325 0.515150 0.038686 0.057670
2.000000 0.753518 0.066553 0.030424 0.036737
2.000000 0.777564 0.046995 0.023661 0.042658
0.000000 0.885221 0.067123 0.026228 0.046279
2.000000 0.805852 0.124911 0.032804 0.037001
2.000000 0.929385 0.322280 0.037750 0.040887
2.000000 0.880590 0.456041 0.036119 0.054049
2.000000 0.912840 0.626397 0.033928 0.057141
2.000000 0.937376 0.670086 0.034555 0.052278
