2.000000 0.771850 0.540387 0.061397 0.075556
2.000000 0.658923 0.494396 0.050433 0.082126
2.000000 0.540514 0.724348 0.063590 0.088696
2.000000 0.601911 0.474686 0.041662 0.062415
2.000000 0.562442 0.367923 0.037277 0.059130
1.000000 0.640284 0.323575 0.030699 0.049275
2.000000 0.734573 0.387633 0.030699 0.059130
2.000000 0.744440 0.318648 0.019735 0.039420
2.000000 0.691814 0.282512 0.019735 0.032850
2.000000 0.462671 0.417198 0.057012 0.078841
2.000000 0.410045 0.346570 0.035084 0.062415
2.000000 0.202830 0.408986 0.072361 0.095266
2.000000 0.058108 0.468116 0.032891 0.075556
2.000000 0.327817 0.315362 0.019735 0.059130
2.000000 0.385925 0.229952 0.030699 0.052560
2.000000 0.469250 0.203672 0.026313 0.039420
2.000000 0.601911 0.228309 0.019735 0.042705
2.000000 0.793777 0.298937 0.017542 0.052560
2.000000 0.811319 0.249662 0.017542 0.039420
2.000000 0.743344 0.220097 0.026313 0.045990
2.000000 0.677561 0.188889 0.017542 0.029565
