2.000000 0.027943 0.207212 0.047288 0.068040
2.000000 0.076305 0.239686 0.027943 0.046391
2.000000 0.208496 0.196388 0.030092 0.052576
2.000000 0.264381 0.197934 0.042989 0.074225
2.000000 0.297697 0.207212 0.023644 0.043298
2.000000 0.340686 0.239686 0.032242 0.046391
2.000000 0.403020 0.238139 0.032242 0.043298
2.000000 0.488997 0.272159 0.045138 0.061854
2.000000 0.530912 0.188656 0.038690 0.055669
2.000000 0.615814 0.205666 0.027943 0.046391
2.000000 0.648056 0.202573 0.036540 0.058762
2.000000 0.714689 0.282984 0.040839 0.058762
2.000000 0.779172 0.231954 0.036540 0.068040
2.000000 0.365405 0.225768 0.017196 0.030927
