0.000000 0.608034 0.490655 0.057127 0.093332
0.000000 0.602541 0.368156 0.050536 0.073888
2.000000 0.537724 0.350656 0.043944 0.062222
0.000000 0.486089 0.405100 0.041747 0.069999
2.000000 0.458624 0.337045 0.039550 0.073888
0.000000 0.521245 0.276768 0.046141 0.085555
2.000000 0.614626 0.652042 0.043944 0.128332
0.000000 0.557498 0.702597 0.065916 0.128332
0.000000 0.495977 0.799818 0.065916 0.136110
2.000000 0.402596 0.867873 0.085691 0.163332
2.000000 0.401497 0.554821 0.057127 0.112777
2.000000 0.402596 0.408989 0.054930 0.077777
0.000000 0.404793 0.259268 0.032958 0.058333
2.000000 0.321299 0.268990 0.037352 0.085555
2.000000 0.337778 0.317601 0.026366 0.073888
2.000000 0.279553 0.267046 0.037352 0.073888
0.000000 0.225721 0.222324 0.035155 0.069999
0.000000 0.182876 0.286490 0.054930 0.097221
2.000000 0.320201 0.498433 0.048338 0.093332
2.000000 0.326792 0.652042 0.057127 0.089444
2.000000 0.233411 0.550932 0.054930 0.112777
0.000000 0.303722 0.805652 0.037352 0.093332
0.000000 0.347666 0.838707 0.037352 0.136110
2.000000 0.186172 0.897040 0.079099 0.143887
2.000000 0.162002 0.595654 0.061522 0.108888
2.000000 0.110368 0.793985 0.046141 0.132221
2.000000 0.131242 0.461489 0.043944 0.081666
2.000000 0.062030 0.566487 0.050536 0.097221
0.000000 0.131242 0.210658 0.043944 0.077777
0.000000 0.133439 0.315657 0.035155 0.054444
0.000000 0.089495 0.235935 0.039550 0.066110
2.000000 0.011789 0.206769 0.023579 0.069999
0.000000 0.058734 0.327323 0.039550 0.069999
2.000000 0.010691 0.548988 0.021382 0.069999
