2.000000 0.707500 0.501667 0.040000 0.050000
2.000000 0.953750 0.561667 0.037500 0.043333
0.000000 0.888750 0.525000 0.037500 0.043333
0.000000 0.827500 0.490000 0.035000 0.040000
0.000000 0.641250 0.495000 0.032500 0.050000
0.000000 0.537500 0.486667 0.040000 0.046667
0.000000 0.613750 0.473333 0.032500 0.040000
1.000000 0.371250 0.481667 0.042500 0.050000
1.000000 0.453750 0.481667 0.032500 0.050000
1.000000 0.421250 0.636667 0.032500 0.046667
1.000000 0.787500 0.508333 0.040000 0.050000
2.000000 0.242500 0.518333 0.020000 0.030000
