2.000000 0.339312 0.411909 0.050512 0.105417
2.000000 0.337116 0.230356 0.068082 0.062470
2.000000 0.568814 0.595413 0.052709 0.136652
2.000000 0.509517 0.468522 0.035139 0.117130
2.000000 0.612738 0.232309 0.021962 0.042948
1.000000 0.233895 0.214739 0.028551 0.046852
0.000000 0.074671 0.210835 0.017570 0.031235
0.000000 0.448024 0.193265 0.021962 0.050756
0.000000 0.663251 0.177648 0.017570 0.050756
0.000000 0.508419 0.351391 0.032943 0.054661
2.000000 0.785140 0.302587 0.024158 0.035139
0.000000 0.822475 0.327965 0.032943 0.062470
0.000000 0.826867 0.435335 0.024158 0.089800
0.000000 0.849927 0.320156 0.026354 0.046852
