2.000000 0.979886 0.332926 0.040229 0.099616
2.000000 0.829432 0.220203 0.035547 0.073401
2.000000 0.767225 0.309333 0.065170 0.125830
2.000000 0.749451 0.220203 0.041472 0.073401
2.000000 0.702055 0.280497 0.047396 0.099616
2.000000 0.651697 0.558372 0.065170 0.110102
2.000000 0.619112 0.272633 0.035547 0.073401
2.000000 0.556904 0.264768 0.035547 0.089130
2.000000 0.516914 0.277875 0.050358 0.104859
2.000000 0.457669 0.314576 0.044434 0.083887
2.000000 0.410273 0.361762 0.056283 0.104859
2.000000 0.340660 0.382734 0.065170 0.115345
2.000000 0.278452 0.251661 0.047396 0.094373
0.000000 0.226613 0.254282 0.044434 0.068158
2.000000 0.137745 0.225446 0.050358 0.104859
2.000000 0.069613 0.254282 0.050358 0.110102
2.000000 0.188103 0.251661 0.026660 0.062915
