1.000000 0.096001 0.353986 0.112001 0.205312
2.000000 0.347004 0.504431 0.094001 0.201772
2.000000 0.431005 0.603547 0.058001 0.152214
2.000000 0.532006 0.633636 0.100001 0.184073
2.000000 0.654008 0.575228 0.072001 0.159294
2.000000 0.525006 0.293809 0.050001 0.113276
2.000000 0.578007 0.260180 0.052001 0.095576
2.000000 0.410005 0.212392 0.036000 0.084957
2.000000 0.448005 0.162834 0.040000 0.077877
2.000000 0.382004 0.269030 0.052001 0.077877
2.000000 0.480006 0.065487 0.032000 0.053098
2.000000 0.547006 0.044248 0.030000 0.046018
2.000000 0.429005 0.053098 0.030000 0.049558
