2.000000 0.345115 0.772834 0.111328 0.205797
2.000000 0.525714 0.133549 0.042057 0.091952
0.000000 0.728577 0.124792 0.061849 0.100709
2.000000 0.627145 0.376565 0.051953 0.105088
0.000000 0.280793 0.065680 0.017318 0.035029
0.000000 0.332746 0.078816 0.017318 0.035029
0.000000 0.420571 0.050355 0.019792 0.030651
2.000000 0.810217 0.186093 0.027213 0.039408
2.000000 0.676624 0.065680 0.022266 0.043787
0.000000 0.585088 0.048165 0.017318 0.043787
0.000000 0.612302 0.017515 0.012370 0.026272
2.000000 0.369855 0.116035 0.022266 0.048165
2.000000 0.367381 0.181715 0.037109 0.100709
