2.000000 0.062627 0.357544 0.088817 0.150305
2.000000 0.297194 0.236844 0.034160 0.063766
2.000000 0.382595 0.261895 0.027328 0.068320
2.000000 0.575031 0.239122 0.034160 0.068320
2.000000 0.629687 0.161692 0.038715 0.086539
2.000000 0.815291 0.241399 0.072875 0.182188
2.000000 0.650183 0.425864 0.038715 0.077430
0.000000 0.753803 0.264173 0.050102 0.081985
0.000000 0.349573 0.202684 0.020496 0.050102
2.000000 0.266450 0.198129 0.018219 0.059211
0.000000 0.186743 0.177633 0.031883 0.081985
2.000000 0.503294 0.163969 0.031883 0.063766
