2.000000 0.930571 0.225499 0.042785 0.075831
2.000000 0.804890 0.239467 0.053481 0.079822
2.000000 0.705950 0.261419 0.042785 0.059867
2.000000 0.605673 0.135698 0.061503 0.103769
2.000000 0.546844 0.185587 0.034763 0.051885
2.000000 0.467959 0.195565 0.053481 0.079822
2.000000 0.393086 0.399112 0.048133 0.079822
2.000000 0.334257 0.167627 0.053481 0.079822
2.000000 0.244676 0.229490 0.050807 0.083814
2.000000 0.172476 0.249445 0.034763 0.059867
2.000000 0.127018 0.251441 0.045459 0.063858
2.000000 0.101614 0.197561 0.026741 0.043902
2.000000 0.026741 0.171618 0.053481 0.087805
