2.000000 0.966250 0.304444 0.032500 0.084444
2.000000 0.886250 0.280000 0.047500 0.088889
2.000000 0.740000 0.622222 0.035000 0.062222
2.000000 0.693750 0.440000 0.037500 0.080000
2.000000 0.650000 0.364444 0.035000 0.062222
2.000000 0.581250 0.411111 0.042500 0.066667
2.000000 0.533750 0.408889 0.032500 0.053333
2.000000 0.428750 0.380000 0.032500 0.066667
2.000000 0.362500 0.393333 0.035000 0.066667
2.000000 0.277500 0.333333 0.035000 0.062222
0.000000 0.778750 0.340000 0.037500 0.075556
0.000000 0.686250 0.353333 0.027500 0.048889
0.000000 0.467500 0.391111 0.030000 0.071111
0.000000 0.605000 0.371111 0.035000 0.066667
