2.000000 0.011250 0.149281 0.022500 0.053957
2.000000 0.160000 0.098921 0.035000 0.061151
2.000000 0.225000 0.100719 0.050000 0.086331
2.000000 0.263750 0.111511 0.027500 0.050360
2.000000 0.313750 0.149281 0.037500 0.053957
2.000000 0.386250 0.147482 0.037500 0.050360
2.000000 0.486250 0.187050 0.052500 0.071942
2.000000 0.535000 0.089928 0.045000 0.064748
2.000000 0.633750 0.109712 0.032500 0.053957
2.000000 0.671250 0.106115 0.042500 0.068345
2.000000 0.748750 0.199640 0.047500 0.068345
2.000000 0.823750 0.140288 0.042500 0.079137
2.000000 0.342500 0.133094 0.020000 0.035971
