2.000000 0.046250 0.334071 0.077500 0.146018
0.000000 0.242500 0.500000 0.140000 0.292035
1.000000 0.020000 0.064159 0.040000 0.101770
0.000000 0.072500 0.216814 0.055000 0.088496
2.000000 0.133750 0.146018 0.052500 0.079646
2.000000 0.200000 0.126106 0.060000 0.084071
2.000000 0.277500 0.172566 0.050000 0.079646
2.000000 0.323750 0.243363 0.057500 0.106195
2.000000 0.398750 0.254425 0.067500 0.084071
0.000000 0.315000 0.057522 0.035000 0.070796
2.000000 0.526250 0.342920 0.092500 0.154867
2.000000 0.117500 0.068584 0.045000 0.066372
2.000000 0.648750 0.787611 0.067500 0.185841
2.000000 0.691250 0.426991 0.087500 0.172566
2.000000 0.676250 0.174779 0.067500 0.101770
2.000000 0.668750 0.311947 0.037500 0.092920
2.000000 0.628750 0.095133 0.042500 0.101770
2.000000 0.721250 0.059735 0.032500 0.066372
