2.000000 0.073068 0.071367 0.048977 0.088350
2.000000 0.137447 0.125087 0.063354 0.112937
0.000000 0.152331 0.287855 0.060385 0.103263
2.000000 0.083930 0.790196 0.088259 0.107906
2.000000 0.336720 0.046011 0.067794 0.056399
2.000000 0.346519 0.325265 0.066417 0.127367
1.000000 0.221277 0.603750 0.066793 0.146393
2.000000 0.172065 0.698528 0.083576 0.152114
2.000000 0.450428 0.844704 0.075818 0.040671
2.000000 0.588351 0.065311 0.076326 0.066394
2.000000 0.598685 0.246974 0.071886 0.122932
2.000000 0.609745 0.673813 0.066042 0.108341
2.000000 0.664746 0.779373 0.086170 0.142762
2.000000 0.781711 0.074101 0.067888 0.061156
2.000000 0.754148 0.341672 0.063542 0.122450
2.000000 0.878922 0.086860 0.079296 0.076068
