2.000000 0.029152 0.262966 0.028072 0.072939
2.000000 0.098252 0.241852 0.041028 0.076778
2.000000 0.224577 0.537448 0.030231 0.053745
2.000000 0.264525 0.380053 0.032391 0.069100
2.000000 0.302315 0.314791 0.030231 0.053745
2.000000 0.361698 0.355100 0.036710 0.057584
2.000000 0.402726 0.353180 0.028072 0.046067
2.000000 0.493421 0.328227 0.028072 0.057584
2.000000 0.550644 0.339744 0.030231 0.057584
2.000000 0.624064 0.287919 0.030231 0.053745
0.000000 0.191106 0.293677 0.032391 0.065262
0.000000 0.271003 0.305194 0.023753 0.042228
0.000000 0.459950 0.337825 0.025913 0.061423
0.000000 0.341184 0.320549 0.030231 0.057584
