2.000000 0.099759 0.426713 0.053439 0.092902
2.000000 0.180893 0.461164 0.047893 0.081057
2.000000 0.352533 0.407886 0.058696 0.101097
2.000000 0.401278 0.378168 0.044977 0.073311
2.000000 0.461013 0.563037 0.055492 0.089702
2.000000 0.513946 0.345455 0.033272 0.071067
2.000000 0.547438 0.348295 0.048181 0.084706
2.000000 0.597584 0.366463 0.044977 0.073311
2.000000 0.635000 0.388923 0.045552 0.080609
2.000000 0.694961 0.395948 0.060749 0.097897
2.000000 0.737948 0.293251 0.037666 0.068315
0.000000 0.776572 0.285846 0.039431 0.061466
2.000000 0.845502 0.255963 0.045552 0.080609
2.000000 0.899611 0.264110 0.053151 0.089253
2.000000 0.298769 0.358926 0.037666 0.068315
2.000000 0.467848 0.363553 0.037090 0.061017
2.000000 0.363142 0.346585 0.039431 0.061466
2.000000 0.805689 0.278412 0.026863 0.048275
