1.000000 0.768634 0.373002 0.129089 0.217389
2.000000 0.506735 0.554217 0.109664 0.211556
2.000000 0.421276 0.663048 0.068909 0.157919
2.000000 0.314523 0.705883 0.115292 0.194847
2.000000 0.181323 0.664005 0.084211 0.166731
2.000000 0.306766 0.369214 0.058599 0.118408
2.000000 0.248530 0.342865 0.059946 0.101180
2.000000 0.426200 0.273848 0.042344 0.088612
2.000000 0.383304 0.229814 0.046307 0.082136
2.000000 0.458710 0.326175 0.059151 0.083693
2.000000 0.344685 0.137785 0.036633 0.056615
2.000000 0.272021 0.125495 0.034175 0.049361
2.000000 0.398716 0.118926 0.034333 0.052858
