2.000000 0.865679 0.469454 0.088149 0.155165
2.000000 0.876519 0.220323 0.071596 0.125844
2.000000 0.801279 0.126288 0.065100 0.127608
2.000000 0.751777 0.444252 0.073575 0.144094
2.000000 0.798403 0.350690 0.061616 0.116029
2.000000 0.659725 0.533333 0.071354 0.164736
2.000000 0.742553 0.739568 0.097184 0.046789
2.000000 0.597160 0.730739 0.116902 0.064448
2.000000 0.560134 0.378313 0.078565 0.149001
2.000000 0.623000 0.270911 0.069299 0.125215
2.000000 0.446858 0.424345 0.067002 0.124587
2.000000 0.448883 0.714985 0.088864 0.095956
2.000000 0.386718 0.600529 0.072069 0.150765
2.000000 0.387373 0.399283 0.073179 0.140444
2.000000 0.318316 0.264094 0.061616 0.116029
0.000000 0.431554 0.206797 0.051560 0.084944
2.000000 0.246723 0.509181 0.064705 0.123958
2.000000 0.230185 0.695825 0.099316 0.134276
2.000000 0.180719 0.702487 0.065496 0.120953
2.000000 0.067262 0.588358 0.079356 0.156301
2.000000 0.082097 0.386991 0.069695 0.128865
2.000000 0.054147 0.281893 0.055758 0.082551
2.000000 0.166366 0.487952 0.073498 0.122823
