2.000000 0.078974 0.262558 0.049764 0.077795
1.000000 0.210958 0.312801 0.041110 0.061588
2.000000 0.299669 0.235006 0.045437 0.074554
2.000000 0.319142 0.593187 0.088711 0.168556
2.000000 0.354842 0.413286 0.073565 0.113451
2.000000 0.463026 0.223661 0.025964 0.051863
2.000000 0.534427 0.377630 0.077892 0.132900
1.000000 0.584192 0.179901 0.030291 0.061588
2.000000 0.603665 0.265799 0.038946 0.064829
2.000000 0.669657 0.390596 0.049764 0.081036
2.000000 0.688048 0.244730 0.043273 0.068071
2.000000 0.773513 0.457045 0.101693 0.142624
2.000000 0.805968 0.184763 0.032455 0.051863
2.000000 0.757285 0.188005 0.034619 0.058346
2.000000 0.025964 0.529978 0.047601 0.100485
