0.000000 0.086903 0.739143 0.042248 0.060176
0.000000 0.198268 0.720833 0.039967 0.059664
0.000000 0.091613 0.654837 0.036967 0.052654
0.000000 0.198669 0.597534 0.044529 0.060687
0.000000 0.092130 0.543167 0.039608 0.056415
0.000000 0.189268 0.523052 0.035531 0.039656
0.000000 0.219961 0.472880 0.033967 0.045643
0.000000 0.086045 0.424652 0.034327 0.048893
0.000000 0.111394 0.379008 0.028327 0.034872
0.000000 0.216812 0.370357 0.036967 0.052654
0.000000 0.119832 0.275552 0.031686 0.045132
0.000000 0.203398 0.270135 0.036967 0.052654
0.000000 0.214583 0.212683 0.033608 0.042394
0.000000 0.372642 0.225528 0.019561 0.036075
2.000000 0.440967 0.198553 0.022201 0.039836
2.000000 0.481916 0.177717 0.024124 0.037098
0.000000 0.427870 0.228129 0.031327 0.041882
0.000000 0.436320 0.272854 0.029046 0.041371
2.000000 0.426868 0.356558 0.028686 0.038121
0.000000 0.464437 0.389759 0.022201 0.039836
0.000000 0.449535 0.434726 0.024842 0.043597
0.000000 0.460678 0.503822 0.032045 0.048381
0.000000 0.447085 0.581794 0.039248 0.053165
0.000000 0.485668 0.634748 0.033608 0.042394
0.000000 0.509635 0.777558 0.035531 0.039656
2.000000 0.517004 0.452898 0.033967 0.045643
0.000000 0.549292 0.480623 0.037326 0.055903
0.000000 0.547877 0.404351 0.036608 0.049404
0.000000 0.522243 0.405103 0.027123 0.044109
0.000000 0.498636 0.265542 0.019202 0.032826
0.000000 0.520003 0.279066 0.031686 0.045132
0.000000 0.541348 0.176046 0.026764 0.040859
0.000000 0.560582 0.286618 0.031686 0.045132
0.000000 0.603030 0.268775 0.026046 0.034360
0.000000 0.613688 0.354630 0.033967 0.045643
0.000000 0.609739 0.498705 0.030968 0.038633
0.000000 0.573618 0.626683 0.030123 0.051119
0.000000 0.611007 0.658259 0.036967 0.052654
0.000000 0.650572 0.646058 0.034686 0.052142
0.000000 0.641551 0.511552 0.036967 0.052654
0.000000 0.578198 0.202748 0.028686 0.038121
0.000000 0.612186 0.171817 0.019561 0.036075
0.000000 0.598392 0.131621 0.023405 0.030599
0.000000 0.662324 0.138931 0.023765 0.033849
0.000000 0.641242 0.170298 0.025328 0.027861
0.000000 0.672569 0.199903 0.030609 0.035383
0.000000 0.669961 0.282073 0.035531 0.039656
0.000000 0.689659 0.259341 0.015357 0.038302
0.000000 0.672877 0.361339 0.033249 0.039144
0.000000 0.704383 0.392569 0.034327 0.048893
0.000000 0.727915 0.393953 0.019920 0.039325
0.000000 0.725487 0.477747 0.034327 0.048893
0.000000 0.730853 0.589763 0.038171 0.043417
0.000000 0.773503 0.690089 0.036608 0.049404
0.000000 0.794617 0.743630 0.023405 0.030599
0.000000 0.817526 0.797318 0.036608 0.017205
0.000000 0.703748 0.132973 0.018484 0.026327
