2.000000 0.137748 0.919006 0.076568 0.127206
1.000000 0.185661 0.833943 0.060277 0.128639
0.000000 0.105212 0.529095 0.054677 0.100223
2.000000 0.288871 0.548662 0.054812 0.119089
2.000000 0.282695 0.251623 0.062772 0.100400
2.000000 0.093253 0.366619 0.049382 0.114254
2.000000 0.026804 0.320902 0.035755 0.095094
2.000000 0.614222 0.942078 0.078872 0.081061
2.000000 0.566454 0.870423 0.070901 0.105294
2.000000 0.541861 0.451144 0.065572 0.114608
2.000000 0.522852 0.246368 0.068169 0.100519
2.000000 0.527066 0.081179 0.062637 0.081535
2.000000 0.715786 0.242147 0.060209 0.119207
2.000000 0.696226 0.525598 0.060141 0.109774
2.000000 0.810213 0.237722 0.065640 0.124041
2.000000 0.889207 0.151087 0.062739 0.095684
2.000000 0.963518 0.340482 0.063013 0.109876
2.000000 0.986490 0.726747 0.017069 0.108931
