0.000000 0.120948 0.830849 0.041077 0.059612
0.000000 0.027384 0.618480 0.036513 0.059612
0.000000 0.138063 0.625931 0.034231 0.059612
0.000000 0.041077 0.525335 0.031949 0.052161
0.000000 0.151756 0.488077 0.038795 0.059612
0.000000 0.053628 0.400521 0.034231 0.055887
0.000000 0.150615 0.402384 0.031949 0.037258
0.000000 0.185986 0.353949 0.029667 0.044709
0.000000 0.060474 0.266393 0.029667 0.048435
0.000000 0.090141 0.221684 0.025102 0.033532
0.000000 0.193973 0.238450 0.031949 0.052161
0.000000 0.109538 0.108048 0.027384 0.044709
0.000000 0.191691 0.122951 0.031949 0.052161
0.000000 0.208807 0.061475 0.029667 0.040984
0.000000 0.361703 0.115499 0.015974 0.037258
2.000000 0.431306 0.102459 0.018256 0.040984
2.000000 0.473523 0.089419 0.020538 0.037258
0.000000 0.415331 0.132265 0.027384 0.040984
0.000000 0.418755 0.184426 0.025102 0.040984
2.000000 0.400498 0.275708 0.025102 0.037258
0.000000 0.433588 0.322280 0.018256 0.040984
0.000000 0.414190 0.368852 0.020538 0.044709
0.000000 0.417613 0.448957 0.027384 0.048435
0.000000 0.395934 0.532787 0.034231 0.052161
0.000000 0.427883 0.601714 0.029667 0.040984
0.000000 0.435870 0.767511 0.031949 0.037258
0.000000 0.450703 0.851341 0.038795 0.063338
0.000000 0.422178 0.836438 0.013692 0.040984
2.000000 0.478088 0.406110 0.029667 0.044709
0.000000 0.506613 0.445231 0.031949 0.055887
0.000000 0.513459 0.359538 0.031949 0.048435
0.000000 0.488357 0.353949 0.022820 0.044709
0.000000 0.480370 0.191878 0.015974 0.033532
0.000000 0.499767 0.212370 0.027384 0.044709
0.000000 0.531716 0.102459 0.022820 0.040984
0.000000 0.538562 0.230998 0.027384 0.044709
0.000000 0.581920 0.221684 0.022820 0.033532
0.000000 0.583061 0.320417 0.029667 0.044709
0.000000 0.563664 0.480626 0.027384 0.037258
0.000000 0.514600 0.614754 0.025102 0.052161
0.000000 0.547690 0.659463 0.031949 0.052161
0.000000 0.587626 0.655737 0.029667 0.052161
0.000000 0.593331 0.502980 0.031949 0.052161
0.000000 0.584202 0.860655 0.027384 0.052161
0.000000 0.564805 0.141580 0.025102 0.037258
0.000000 0.601318 0.115499 0.015974 0.037258
0.000000 0.592190 0.067064 0.020538 0.029806
0.000000 0.653805 0.091282 0.020538 0.033532
0.000000 0.629843 0.121088 0.022820 0.026080
0.000000 0.657228 0.162071 0.027384 0.033532
0.000000 0.645818 0.253353 0.031949 0.037258
0.000000 0.667497 0.232861 0.011410 0.040984
0.000000 0.640112 0.342772 0.029667 0.037258
0.000000 0.667497 0.385618 0.029667 0.048435
0.000000 0.690317 0.393070 0.015974 0.040984
0.000000 0.678907 0.486214 0.029667 0.048435
0.000000 0.672061 0.612891 0.034231 0.040984
0.000000 0.702869 0.735842 0.031949 0.048435
0.000000 0.717702 0.801043 0.020538 0.029806
0.000000 0.732535 0.884873 0.031949 0.048435
0.000000 0.694881 0.095007 0.015974 0.026080
