2.000000 0.807531 0.329902 0.052364 0.091247
2.000000 0.746947 0.319376 0.061902 0.092410
2.000000 0.582419 0.251654 0.047400 0.087106
2.000000 0.627635 0.419930 0.047985 0.097784
2.000000 0.551673 0.391572 0.052559 0.094806
2.000000 0.474667 0.409924 0.059907 0.099239
2.000000 0.423180 0.346329 0.059322 0.088560
2.000000 0.363718 0.400166 0.059712 0.095679
2.000000 0.306029 0.376745 0.062291 0.099529
2.000000 0.190557 0.415914 0.051974 0.084128
2.000000 0.139682 0.429287 0.045601 0.097493
2.000000 0.050898 0.407868 0.067450 0.107230
2.000000 0.521668 0.303857 0.054359 0.084419
