1.000000 0.052500 0.460177 0.105000 0.256637
2.000000 0.348750 0.648230 0.117500 0.252212
2.000000 0.453750 0.772124 0.072500 0.190265
2.000000 0.580000 0.809735 0.125000 0.230088
2.000000 0.732500 0.736726 0.090000 0.199115
2.000000 0.571250 0.384956 0.062500 0.141593
2.000000 0.637500 0.342920 0.065000 0.119469
2.000000 0.427500 0.283186 0.045000 0.106195
2.000000 0.475000 0.221239 0.050000 0.097345
2.000000 0.392500 0.353982 0.065000 0.097345
2.000000 0.515000 0.099558 0.040000 0.066372
2.000000 0.598750 0.073009 0.037500 0.057522
2.000000 0.451250 0.084071 0.037500 0.061947
