0.000000 0.045487 0.856381 0.041030 0.071453
0.000000 0.061899 0.691146 0.046500 0.071453
0.000000 0.060531 0.588432 0.038294 0.044658
0.000000 0.102929 0.530376 0.035559 0.053590
0.000000 0.112502 0.391935 0.038294 0.062522
0.000000 0.013854 0.235631 0.027707 0.053590
0.000000 0.109767 0.253495 0.038294 0.062522
0.000000 0.130282 0.179809 0.035559 0.049124
0.000000 0.313548 0.244563 0.019147 0.044658
2.000000 0.396975 0.228933 0.021883 0.049124
2.000000 0.447579 0.213302 0.024618 0.044658
0.000000 0.377828 0.264659 0.032824 0.049124
0.000000 0.381931 0.327181 0.030089 0.049124
2.000000 0.360049 0.436594 0.030089 0.044658
0.000000 0.399711 0.492417 0.021883 0.049124
0.000000 0.376460 0.548239 0.024618 0.053590
0.000000 0.380563 0.644255 0.032824 0.058056
0.000000 0.354578 0.744736 0.041030 0.062522
0.000000 0.392872 0.827354 0.035559 0.049124
2.000000 0.453049 0.592898 0.035559 0.053590
0.000000 0.487241 0.639789 0.038294 0.066987
0.000000 0.495447 0.537075 0.038294 0.058056
0.000000 0.465358 0.530376 0.027353 0.053590
0.000000 0.455785 0.336113 0.019147 0.040192
0.000000 0.479035 0.360675 0.032824 0.053590
0.000000 0.517329 0.228933 0.027353 0.049124
0.000000 0.525535 0.383004 0.032824 0.053590
0.000000 0.577506 0.371839 0.027353 0.040192
0.000000 0.578874 0.490184 0.035559 0.053590
0.000000 0.555624 0.682214 0.032824 0.044658
0.000000 0.496815 0.842984 0.030089 0.062522
0.000000 0.536477 0.896574 0.038294 0.062522
0.000000 0.584345 0.892108 0.035559 0.062522
0.000000 0.591183 0.709009 0.038294 0.062522
0.000000 0.556992 0.275824 0.030089 0.044658
0.000000 0.600757 0.244563 0.019147 0.044658
0.000000 0.589815 0.186507 0.024618 0.035727
0.000000 0.663669 0.215535 0.024618 0.040192
0.000000 0.634948 0.251262 0.027353 0.031261
0.000000 0.667772 0.300386 0.032824 0.040192
0.000000 0.654095 0.409799 0.038294 0.044658
0.000000 0.680081 0.385237 0.013677 0.049124
0.000000 0.647257 0.516979 0.035559 0.044658
0.000000 0.680081 0.568336 0.035559 0.058056
0.000000 0.707434 0.577267 0.019147 0.049124
0.000000 0.693757 0.688913 0.035559 0.058056
0.000000 0.685552 0.840751 0.041030 0.049124
0.000000 0.722478 0.979548 0.038294 0.040905
0.000000 0.712905 0.220001 0.019147 0.031261
