1.000000 0.118170 0.344547 0.117708 0.167412
0.000000 0.228151 0.223838 0.066514 0.080331
2.000000 0.345984 0.279437 0.048301 0.080322
2.000000 0.409763 0.386346 0.083871 0.120886
2.000000 0.296377 0.728576 0.215456 0.241565
2.000000 0.572465 0.650635 0.203892 0.288696
2.000000 0.604782 0.399568 0.102671 0.152299
2.000000 0.481153 0.293285 0.073460 0.106570
0.000000 0.789056 0.230520 0.086184 0.121284
2.000000 0.886587 0.129694 0.091629 0.109760
2.000000 0.899756 0.251730 0.065290 0.133607
2.000000 0.773947 0.502848 0.118288 0.173772
