2.000000 0.066555 0.733559 0.046077 0.076412
2.000000 0.053756 0.414537 0.020479 0.057309
2.000000 0.139510 0.403076 0.033278 0.057309
0.000000 0.056316 0.517694 0.025598 0.064951
0.000000 0.024318 0.544439 0.023038 0.072592
2.000000 0.308458 0.269354 0.058876 0.087874
2.000000 0.385252 0.284636 0.053756 0.080233
2.000000 0.500444 0.307560 0.058876 0.095516
2.000000 0.659153 0.320932 0.048637 0.084054
2.000000 0.774344 0.296098 0.058876 0.095516
2.000000 0.990205 0.393524 0.019590 0.053489
0.000000 0.990205 0.515784 0.019590 0.076412
