2.000000 0.450046 0.376528 0.041085 0.051356
2.000000 0.197116 0.438156 0.038517 0.044509
0.000000 0.100823 0.446715 0.041085 0.047933
0.000000 0.263879 0.400495 0.038517 0.044509
0.000000 0.326791 0.364545 0.035949 0.041085
0.000000 0.518093 0.369681 0.033382 0.051356
0.000000 0.624657 0.361121 0.041085 0.047933
0.000000 0.546339 0.347426 0.033382 0.041085
1.000000 0.795417 0.355986 0.043653 0.051356
1.000000 0.710679 0.355986 0.033382 0.051356
1.000000 0.744060 0.515190 0.033382 0.047933
1.000000 0.367876 0.383376 0.041085 0.051356
2.000000 0.927659 0.393647 0.020543 0.030814
0.000000 0.135488 0.412478 0.023110 0.027390
