0.000000 0.118778 0.289593 0.061765 0.126697
0.000000 0.179355 0.407240 0.059389 0.099548
0.000000 0.184106 0.572399 0.064140 0.131222
0.000000 0.237557 0.262444 0.057014 0.126697
0.000000 0.320702 0.524887 0.071267 0.153846
2.000000 0.425227 0.554299 0.085520 0.185520
0.000000 0.515498 0.294118 0.052262 0.126697
0.000000 0.578451 0.635747 0.078394 0.149321
0.000000 0.591516 0.475113 0.061765 0.126697
2.000000 0.840951 0.613123 0.076018 0.176471
0.000000 0.914593 0.341629 0.052262 0.113122
0.000000 0.660408 0.149321 0.052262 0.099548
0.000000 0.837387 0.196833 0.040385 0.076923
0.000000 0.460860 0.266969 0.052262 0.090498
